store_id,city,name,title,price,price_raw,regular_price,regular_price_raw,liquidation_price,liquidation_price_raw,sale_price,sale_price_raw,liquidation,url,link,image,image_url,product_id,sku,sku_formatted,availability,badges,discount_percent,price_sale_clean,price_original_clean
51,"Kincardine, ON","Liquide de préparation Evans, 1 gal","Liquide de préparation Evans, 1 gal",17.93,"17,93 $",49.99,"Était±  49,99 $prix était 49,99 $",17.93,"17,93 $",17.93,"17,93 $",true,https://www.canadiantire.ca/fr/pdp/liquide-de-preparation-evans-1-gal-0293102p.html,https://www.canadiantire.ca/fr/pdp/liquide-de-preparation-evans-1-gal-0293102p.html,https://media-www.canadiantire.ca/product/automotive/auto-maintenance/auto-fluids/0293102/evans-prep-fluid-1gal-5e8adf31-ac7c-40e9-9306-c6aa92e46670-jpgrendition.jpg?im=whresize&wid=200&hei=200,https://media-www.canadiantire.ca/product/automotive/auto-maintenance/auto-fluids/0293102/evans-prep-fluid-1gal-5e8adf31-ac7c-40e9-9306-c6aa92e46670-jpgrendition.jpg?im=whresize&wid=200&hei=200,,0293102,029-3102-4,Il n’en reste que 3 #029-3102-4,Liquidation◊Mieux notés,64.13,"17,93","49,99"
51,"Kincardine, ON","Revêtement antidérapant DAP Tank Bond Liquid Grip pour fixations, vis et boulons, 6 mL","Revêtement antidérapant DAP Tank Bond Liquid Grip pour fixations, vis et boulons, 6 mL",4.93,"4,93 $",13.99,"Était±  13,99 $prix était 13,99 $",4.93,"4,93 $",4.93,"4,93 $",true,https://www.canadiantire.ca/fr/pdp/revetement-antiderapant-dap-tank-bond-liquid-grip-pour-fixations-vis-et-boulons-6-ml-0670057p.html,https://www.canadiantire.ca/fr/pdp/revetement-antiderapant-dap-tank-bond-liquid-grip-pour-fixations-vis-et-boulons-6-ml-0670057p.html,https://media-www.canadiantire.ca/product/fixing/paint/surface-prep-maintenance/0670057/dap-tank-bond-liquid-grip-74962919-e563-41c7-a786-f07ef6736345-jpgrendition.jpg?im=whresize&wid=200&hei=200,https://media-www.canadiantire.ca/product/fixing/paint/surface-prep-maintenance/0670057/dap-tank-bond-liquid-grip-74962919-e563-41c7-a786-f07ef6736345-jpgrendition.jpg?im=whresize&wid=200&hei=200,,0670057,067-0057-8,11 En Stock#067-0057-8,Liquidation◊,64.76,"4,93","13,99"
51,"Kincardine, ON",Jouet sensoriel à mouvement liquide et à bulles ORB,Jouet sensoriel à mouvement liquide et à bulles ORB,1.73,"1,73 $",4.99,"Était±  4,99 $prix était 4,99 $",1.73,"1,73 $",1.73,"1,73 $",true,https://www.canadiantire.ca/fr/pdp/jouet-sensoriel-a-mouvement-liquide-et-a-bulles-orb-8442735p.html,https://www.canadiantire.ca/fr/pdp/jouet-sensoriel-a-mouvement-liquide-et-a-bulles-orb-8442735p.html,https://media-www.canadiantire.ca/product/seasonal-gardening/party-city-everyday/party-city-fun/8442735/orb-sensory-liquid-motion-bubbler-8c89e574-4158-4b37-a616-18bb70916019-jpgrendition.jpg?im=whresize&wid=200&hei=200,https://media-www.canadiantire.ca/product/seasonal-gardening/party-city-everyday/party-city-fun/8442735/orb-sensory-liquid-motion-bubbler-8c89e574-4158-4b37-a616-18bb70916019-jpgrendition.jpg?im=whresize&wid=200&hei=200,,8442735,844-2735-2,Il n’en reste que 1 #844-2735-2,Liquidation◊,65.33,"1,73","4,99"
51,"Kincardine, ON","Maison de poupée à 3 étages pour enfants, bord de mer, 25 accessoires","Maison de poupée à 3 étages pour enfants, bord de mer, 25 accessoires",107.93,"107,93 $",249.99,"Était±  249,99 $prix était 249,99 $",107.93,"107,93 $",107.93,"107,93 $",true,https://www.canadiantire.ca/fr/pdp/maison-de-poupee-a-3-etages-pour-enfants-bord-de-mer-25-accessoires-1501666p.html,https://www.canadiantire.ca/fr/pdp/maison-de-poupee-a-3-etages-pour-enfants-bord-de-mer-25-accessoires-1501666p.html,https://media-www.canadiantire.ca/product/seasonal-gardening/toys/toys-games/1501666/beachside-doll-house-499b056d-aa09-4c1b-8974-7e409c58a2fc-jpgrendition.jpg?im=whresize&wid=200&hei=200,https://media-www.canadiantire.ca/product/seasonal-gardening/toys/toys-games/1501666/beachside-doll-house-499b056d-aa09-4c1b-8974-7e409c58a2fc-jpgrendition.jpg?im=whresize&wid=200&hei=200,,1501666,150-1666-2,Il n’en reste que 5 #150-1666-2,Liquidation◊Mieux notés,56.83,"107,93","249,99"
51,"Kincardine, ON",Îlot de cuisine CANVAS Vernon avec dessus bloc de boucher,Îlot de cuisine CANVAS Vernon avec dessus bloc de boucher,249.93,"249,93 $",499.99,"Était±  499,99 $prix était 499,99 $",249.93,"249,93 $",249.93,"249,93 $",true,https://www.canadiantire.ca/fr/pdp/ilot-de-cuisine-canvas-vernon-avec-dessus-bloc-de-boucher-1680144p.html,https://www.canadiantire.ca/fr/pdp/ilot-de-cuisine-canvas-vernon-avec-dessus-bloc-de-boucher-1680144p.html,https://media-www.canadiantire.ca/product/living/home-decor/furniture/1680144/canvas-vernon-kitchen-island-with-butcher-block-top-d4df59a6-7137-4f63-95c4-8731eef09381-jpgrendition.jpg?im=whresize&wid=200&hei=200,https://media-www.canadiantire.ca/product/living/home-decor/furniture/1680144/canvas-vernon-kitchen-island-with-butcher-block-top-d4df59a6-7137-4f63-95c4-8731eef09381-jpgrendition.jpg?im=whresize&wid=200&hei=200,,1680144,168-0144-0,Il n’en reste que 1 #168-0144-0,Liquidation◊Mieux notés,50.01,"249,93","499,99"
51,"Kincardine, ON",Support d'entraînement intelligent Saris Fluid 2,Support d'entraînement intelligent Saris Fluid 2,239.93,"239,93 $",539.99,"Était±  539,99 $prix était 539,99 $",239.93,"239,93 $",239.93,"239,93 $",true,https://www.canadiantire.ca/fr/pdp/support-d-entrainement-intelligent-saris-fluid-2-0730526p.html,https://www.canadiantire.ca/fr/pdp/support-d-entrainement-intelligent-saris-fluid-2-0730526p.html,https://media-www.canadiantire.ca/product/seasonal-gardening/cycling/bicycle-accessories/0730526/saris-fluid-2-smart-equipped-bike-trainer-f5c5bf8b-a0ed-4b32-8aa6-3fe1f870041b-jpgrendition.jpg?im=whresize&wid=200&hei=200,https://media-www.canadiantire.ca/product/seasonal-gardening/cycling/bicycle-accessories/0730526/saris-fluid-2-smart-equipped-bike-trainer-f5c5bf8b-a0ed-4b32-8aa6-3fe1f870041b-jpgrendition.jpg?im=whresize&wid=200&hei=200,,0730526,073-0526-6,Il n’en reste que 1 #073-0526-6,Liquidation◊Mieux notés,55.57,"239,93","539,99"
51,"Kincardine, ON","CANVAS Normand - Sapin de Noël illuminé avec support, 800 ampoules DEL Micro-Brite, blanc chaud, 7 pi","CANVAS Normand - Sapin de Noël illuminé avec support, 800 ampoules DEL Micro-Brite, blanc chaud, 7 pi",199.93,"199,93 $",399.99,"Était±  399,99 $prix était 399,99 $",199.93,"199,93 $",199.93,"199,93 $",true,https://www.canadiantire.ca/fr/pdp/canvas-normand-sapin-de-noel-illumine-avec-support-800-ampoules-del-micro-brite-blanc-chaud-7-pi-1517106p.html,https://www.canadiantire.ca/fr/pdp/canvas-normand-sapin-de-noel-illumine-avec-support-800-ampoules-del-micro-brite-blanc-chaud-7-pi-1517106p.html,https://media-www.canadiantire.ca/product/seasonal-gardening/seasonal/christmas-trees/1517106/canvas-7-ft-micro-brite-normandy-fir-ez-find-110-8193b671-d89d-42df-a8de-5cb45bb4f7d7-jpgrendition.jpg?im=whresize&wid=200&hei=200,https://media-www.canadiantire.ca/product/seasonal-gardening/seasonal/christmas-trees/1517106/canvas-7-ft-micro-brite-normandy-fir-ez-find-110-8193b671-d89d-42df-a8de-5cb45bb4f7d7-jpgrendition.jpg?im=whresize&wid=200&hei=200,,1517106,151-7106-8,Il n’en reste que 1 #151-7106-8,Liquidation◊Mieux notés,50.02,"199,93","399,99"
51,"Kincardine, ON","Croustilles Old Dutch, 382 g, paq. 24, croustilles pour l'Halloween","Croustilles Old Dutch, 382 g, paq. 24, croustilles pour l'Halloween",4.49,"4,49 $",8.99,"Était±  8,99 $prix était 8,99 $",4.49,"4,49 $",4.49,"4,49 $",true,https://www.canadiantire.ca/fr/pdp/croustilles-old-dutch-382-g-paq-24-croustilles-pour-l-halloween-0513819p.html,https://www.canadiantire.ca/fr/pdp/croustilles-old-dutch-382-g-paq-24-croustilles-pour-l-halloween-0513819p.html,https://media-www.canadiantire.ca/product/living/food-drink/seasonal-confectionery/0513819/old-dutch-potato-chips-24-count-eafa61f2-fe7d-4fab-9f0e-adb7440becf8-jpgrendition.jpg?im=whresize&wid=200&hei=200,https://media-www.canadiantire.ca/product/living/food-drink/seasonal-confectionery/0513819/old-dutch-potato-chips-24-count-eafa61f2-fe7d-4fab-9f0e-adb7440becf8-jpgrendition.jpg?im=whresize&wid=200&hei=200,,0513819,051-3819-4,Il n’en reste que 2 #051-3819-4,Liquidation◊Mieux notés,50.06,"4,49","8,99"
51,"Kincardine, ON","Bols pour la préparation des repas MASTER Chef, paq. 6","Bols pour la préparation des repas MASTER Chef, paq. 6",3.93,"3,93 $",10.99,"Était±  10,99 $prix était 10,99 $",3.93,"3,93 $",3.93,"3,93 $",true,https://www.canadiantire.ca/fr/pdp/bols-pour-la-preparation-des-repas-master-chef-paq-6-1424994p.html,https://www.canadiantire.ca/fr/pdp/bols-pour-la-preparation-des-repas-master-chef-paq-6-1424994p.html,https://media-www.canadiantire.ca/product/living/kitchen/bakeware-baking-prep/1424994/masterchef-6-piece-prep-bowls-e5c32298-4a23-4307-9887-12bd9dffa1b8-jpgrendition.jpg?im=whresize&wid=200&hei=200,https://media-www.canadiantire.ca/product/living/kitchen/bakeware-baking-prep/1424994/masterchef-6-piece-prep-bowls-e5c32298-4a23-4307-9887-12bd9dffa1b8-jpgrendition.jpg?im=whresize&wid=200&hei=200,,1424994,142-4994-2,Il n’en reste que 3 #142-4994-2,Liquidation◊Mieux notés,64.24,"3,93","10,99"
51,"Kincardine, ON","NOMA - Couronne de Noël illuminée en eucalyptus décorative multicolore ornée d'une boucle argentée, 24 po","NOMA - Couronne de Noël illuminée en eucalyptus décorative multicolore ornée d'une boucle argentée, 24 po",29.93,"29,93 $",66.99,"Était±  66,99 $prix était 66,99 $",29.93,"29,93 $",29.93,"29,93 $",true,https://www.canadiantire.ca/fr/pdp/noma-couronne-de-noel-illuminee-en-eucalyptus-decorative-multicolore-ornee-d-une-boucle-argentee-24-po-1518525p.html,https://www.canadiantire.ca/fr/pdp/noma-couronne-de-noel-illuminee-en-eucalyptus-decorative-multicolore-ornee-d-une-boucle-argentee-24-po-1518525p.html,https://media-www.canadiantire.ca/product/seasonal-gardening/seasonal/seasonal-decor/1518525/wreath-24-eucalyptus-with-silver-bow-723f7fff-b426-4ec6-bb04-74f4a79b19bb-jpgrendition.jpg?im=whresize&wid=200&hei=200,https://media-www.canadiantire.ca/product/seasonal-gardening/seasonal/seasonal-decor/1518525/wreath-24-eucalyptus-with-silver-bow-723f7fff-b426-4ec6-bb04-74f4a79b19bb-jpgrendition.jpg?im=whresize&wid=200&hei=200,,1518525,151-8525-4,Il n’en reste que 3 #151-8525-4,Liquidation◊Exclusivité,55.32,"29,93","66,99"
51,"Kincardine, ON","Ampoules à DEL d'extérieur For Living C6, blanc chaud, paq. 200","Ampoules à DEL d'extérieur For Living C6, blanc chaud, paq. 200",24.93,"24,93 $",49.99,"Était±  49,99 $prix était 49,99 $",24.93,"24,93 $",24.93,"24,93 $",true,https://www.canadiantire.ca/fr/pdp/ampoules-a-del-d-exterieur-for-living-c6-blanc-chaud-paq-200-1513450p.html,https://www.canadiantire.ca/fr/pdp/ampoules-a-del-d-exterieur-for-living-c6-blanc-chaud-paq-200-1513450p.html,https://media-www.canadiantire.ca/product/seasonal-gardening/seasonal/christmas-lights-outdoor-decor/1513450/for-living-outdoor-200-c6-led-lights-warm-white-d7f02d7d-017a-4cab-aab2-645837fdbaf5-jpgrendition.jpg?im=whresize&wid=200&hei=200,https://media-www.canadiantire.ca/product/seasonal-gardening/seasonal/christmas-lights-outdoor-decor/1513450/for-living-outdoor-200-c6-led-lights-warm-white-d7f02d7d-017a-4cab-aab2-645837fdbaf5-jpgrendition.jpg?im=whresize&wid=200&hei=200,,1513450,151-3450-0,Il n’en reste que 2 #151-3450-0,Liquidation◊Exclusivité,50.13,"24,93","49,99"
51,"Kincardine, ON",Grattoir à glace Karcher EDI 4,Grattoir à glace Karcher EDI 4,9.93,"9,93 $",99.99,"Était±  99,99 $prix était 99,99 $",9.93,"9,93 $",9.93,"9,93 $",true,https://www.canadiantire.ca/fr/pdp/grattoir-a-glace-karcher-edi-4-0304216p.html,https://www.canadiantire.ca/fr/pdp/grattoir-a-glace-karcher-edi-4-0304216p.html,https://media-www.canadiantire.ca/product/automotive/car-care-accessories/auto-winter-accessories/0304216/karcher-edi-4-ice-scraper-0564fd72-6f53-4786-9c04-03ccc067bf88-jpgrendition.jpg?im=whresize&wid=200&hei=200,https://media-www.canadiantire.ca/product/automotive/car-care-accessories/auto-winter-accessories/0304216/karcher-edi-4-ice-scraper-0564fd72-6f53-4786-9c04-03ccc067bf88-jpgrendition.jpg?im=whresize&wid=200&hei=200,,0304216,030-4216-2,Il n’en reste que 4 #030-4216-2,Liquidation◊,90.07,"9,93","99,99"
51,"Kincardine, ON","Guirlande de magnolia CANVAS, 6 pi","Guirlande de magnolia CANVAS, 6 pi",24.93,"24,93 $",49.99,"Était±  49,99 $prix était 49,99 $",24.93,"24,93 $",24.93,"24,93 $",true,https://www.canadiantire.ca/fr/pdp/guirlande-de-magnolia-canvas-6-pi-0514801p.html,https://www.canadiantire.ca/fr/pdp/guirlande-de-magnolia-canvas-6-pi-0514801p.html,https://media-www.canadiantire.ca/product/seasonal-gardening/seasonal/christmas-indoor-decor/0514801/canvas-winter-garden-6-garland-faux-magnolia-leaves-a33d8fd3-4a3d-44fb-a769-a6e37852e3ef-jpgrendition.jpg?im=whresize&wid=200&hei=200,https://media-www.canadiantire.ca/product/seasonal-gardening/seasonal/christmas-indoor-decor/0514801/canvas-winter-garden-6-garland-faux-magnolia-leaves-a33d8fd3-4a3d-44fb-a769-a6e37852e3ef-jpgrendition.jpg?im=whresize&wid=200&hei=200,,0514801,051-4801-8,8 En Stock#051-4801-8,Liquidation◊Mieux notés,50.13,"24,93","49,99"
51,"Kincardine, ON","Rouleaux de bonbons Rocket, acidulé, multicolores, 1 kg, paq. 132, friandises pour l'Halloween","Rouleaux de bonbons Rocket, acidulé, multicolores, 1 kg, paq. 132, friandises pour l'Halloween",6.49,"6,49 $",12.99,"Était±  12,99 $prix était 12,99 $",6.49,"6,49 $",6.49,"6,49 $",true,https://www.canadiantire.ca/fr/pdp/rouleaux-de-bonbons-rocket-acidule-multicolores-1-kg-paq-132-friandises-pour-l-halloween-1517385p.html,https://www.canadiantire.ca/fr/pdp/rouleaux-de-bonbons-rocket-acidule-multicolores-1-kg-paq-132-friandises-pour-l-halloween-1517385p.html,https://media-www.canadiantire.ca/product/living/food-drink/seasonal-confectionery/1517385/rockets-candy-rolls-pack-1-kg-1e2039d9-4d4f-4ef7-8138-efd4dce1d212-jpgrendition.jpg?im=whresize&wid=200&hei=200,https://media-www.canadiantire.ca/product/living/food-drink/seasonal-confectionery/1517385/rockets-candy-rolls-pack-1-kg-1e2039d9-4d4f-4ef7-8138-efd4dce1d212-jpgrendition.jpg?im=whresize&wid=200&hei=200,,1517385,151-7385-2,,Liquidation◊Mieux notés,50.04,"6,49","12,99"
51,"Kincardine, ON","Piquets de canne de bonbon de Noël solaire For Living, paq. 4","Piquets de canne de bonbon de Noël solaire For Living, paq. 4",6.93,"6,93 $",14.99,"Était±  14,99 $prix était 14,99 $",6.93,"6,93 $",6.93,"6,93 $",true,https://www.canadiantire.ca/fr/pdp/piquets-de-canne-de-bonbon-de-noel-solaire-for-living-paq-4-1513923p.html,https://www.canadiantire.ca/fr/pdp/piquets-de-canne-de-bonbon-de-noel-solaire-for-living-paq-4-1513923p.html,https://media-www.canadiantire.ca/product/seasonal-gardening/seasonal/christmas-lights-outdoor-decor/1513923/for-living-solar-candy-cane-stakes-4-pack-1e9033b8-8950-46e4-9622-1effe258cb10-jpgrendition.jpg?im=whresize&wid=200&hei=200,https://media-www.canadiantire.ca/product/seasonal-gardening/seasonal/christmas-lights-outdoor-decor/1513923/for-living-solar-candy-cane-stakes-4-pack-1e9033b8-8950-46e4-9622-1effe258cb10-jpgrendition.jpg?im=whresize&wid=200&hei=200,,1513923,151-3923-6,Il n’en reste que 2 #151-3923-6,Liquidation◊Exclusivité,53.77,"6,93","14,99"
51,"Kincardine, ON","Formes d'Halloween Reese's, paq. 35","Formes d'Halloween Reese's, paq. 35",6.49,"6,49 $",12.99,"Était±  12,99 $prix était 12,99 $",6.49,"6,49 $",6.49,"6,49 $",true,https://www.canadiantire.ca/fr/pdp/formes-d-halloween-reese-s-paq-35-1519488p.html,https://www.canadiantire.ca/fr/pdp/formes-d-halloween-reese-s-paq-35-1519488p.html,https://media-www.canadiantire.ca/product/living/food-drink/seasonal-confectionery/1519488/reese-s-halloween-shapes-35-count-9c0a8fb1-6e6e-4ee8-be87-ee0c46e9082b-jpgrendition.jpg?im=whresize&wid=200&hei=200,https://media-www.canadiantire.ca/product/living/food-drink/seasonal-confectionery/1519488/reese-s-halloween-shapes-35-count-9c0a8fb1-6e6e-4ee8-be87-ee0c46e9082b-jpgrendition.jpg?im=whresize&wid=200&hei=200,,1519488,151-9488-6,Il n’en reste que 2 #151-9488-6,Liquidation◊Mieux notés,50.04,"6,49","12,99"
51,"Kincardine, ON","Mini Skittles et Starburts variés, multicolore, 825 g, paq. 70, friandises pour l'Halloween","Mini Skittles et Starburts variés, multicolore, 825 g, paq. 70, friandises pour l'Halloween",7.99,"7,99 $",15.99,"Était±  15,99 $prix était 15,99 $",7.99,"7,99 $",7.99,"7,99 $",true,https://www.canadiantire.ca/fr/pdp/mini-skittles-et-starburts-varies-multicolore-825-g-paq-70-friandises-pour-l-halloween-1514410p.html,https://www.canadiantire.ca/fr/pdp/mini-skittles-et-starburts-varies-multicolore-825-g-paq-70-friandises-pour-l-halloween-1514410p.html,https://media-www.canadiantire.ca/product/living/food-drink/seasonal-confectionery/1514410/skittles-and-starbrust-candy-70-count-a611ce41-cf86-4b05-8dac-aeba0c04348a-jpgrendition.jpg?im=whresize&wid=200&hei=200,https://media-www.canadiantire.ca/product/living/food-drink/seasonal-confectionery/1514410/skittles-and-starbrust-candy-70-count-a611ce41-cf86-4b05-8dac-aeba0c04348a-jpgrendition.jpg?im=whresize&wid=200&hei=200,,1514410,151-4410-0,,Liquidation◊Mieux notés,50.03,"7,99","15,99"
51,"Kincardine, ON",Ouvre-boîte automatique 5-en-1 One-Touch,Ouvre-boîte automatique 5-en-1 One-Touch,9.93,"9,93 $",19.99,"Était±  19,99 $prix était 19,99 $",9.93,"9,93 $",9.93,"9,93 $",true,https://www.canadiantire.ca/fr/pdp/ouvre-boite-automatique-5-en-1-one-touch-0421801p.html,https://www.canadiantire.ca/fr/pdp/ouvre-boite-automatique-5-en-1-one-touch-0421801p.html,https://media-www.canadiantire.ca/product/living/kitchen/kitchen-tools-thermometers/0421801/one-touch-5-in-1-automatic-can-opener-b7948d1f-e3ab-44d8-ba2e-83a53b28f34d-jpgrendition.jpg?im=whresize&wid=200&hei=200,https://media-www.canadiantire.ca/product/living/kitchen/kitchen-tools-thermometers/0421801/one-touch-5-in-1-automatic-can-opener-b7948d1f-e3ab-44d8-ba2e-83a53b28f34d-jpgrendition.jpg?im=whresize&wid=200&hei=200,,0421801,042-1801-8,Il n’en reste que 2 #042-1801-8,Liquidation◊,50.33,"9,93","19,99"
51,"Kincardine, ON","Lumières à DEL C9 résistantes aux chocs personnalisées NOMA Advanced, 1,2 W, multicolore, paq. 25","Lumières à DEL C9 résistantes aux chocs personnalisées NOMA Advanced, 1,2 W, multicolore, paq. 25",14.93,"14,93 $",29.99,"Était±  29,99 $prix était 29,99 $",14.93,"14,93 $",14.93,"14,93 $",true,https://www.canadiantire.ca/fr/pdp/lumieres-a-del-c9-resistantes-aux-chocs-personnalisees-noma-advanced-1-2-w-multicolore-paq-25-2510149p.html,https://www.canadiantire.ca/fr/pdp/lumieres-a-del-c9-resistantes-aux-chocs-personnalisees-noma-advanced-1-2-w-multicolore-paq-25-2510149p.html,https://media-www.canadiantire.ca/product/seasonal-gardening/seasonal/christmas-lights-outdoor-decor/2510149/noma-adv-cust-repl-bulbs-c9-led-25-multi-cl-1fd5e549-b055-4f62-a0b8-82f39df518ca-jpgrendition.jpg?im=whresize&wid=200&hei=200,https://media-www.canadiantire.ca/product/seasonal-gardening/seasonal/christmas-lights-outdoor-decor/2510149/noma-adv-cust-repl-bulbs-c9-led-25-multi-cl-1fd5e549-b055-4f62-a0b8-82f39df518ca-jpgrendition.jpg?im=whresize&wid=200&hei=200,,2510149,251-0149-0,27 En Stock#251-0149-0,Liquidation◊Mieux notés,50.22,"14,93","29,99"
51,"Kincardine, ON","Maynards Sour Patch Kids Tricksters, aigre-doux, multicolore, 300 g, paq. 24 friandises pour l'Halloween","Maynards Sour Patch Kids Tricksters, aigre-doux, multicolore, 300 g, paq. 24 friandises pour l'Halloween",3.99,"3,99 $",8.49,"Était±  8,49 $prix était 8,49 $",3.99,"3,99 $",3.99,"3,99 $",true,https://www.canadiantire.ca/fr/pdp/maynards-sour-patch-kids-tricksters-aigre-doux-multicolore-300-g-paq-24-friandises-pour-l-halloween-1517254p.html,https://www.canadiantire.ca/fr/pdp/maynards-sour-patch-kids-tricksters-aigre-doux-multicolore-300-g-paq-24-friandises-pour-l-halloween-1517254p.html,https://media-www.canadiantire.ca/product/living/food-drink/seasonal-confectionery/1517254/maynard-sour-patch-kids-24-ct-f30d7d40-7bc0-4da5-88b1-7e26b6a58a3a-jpgrendition.jpg?im=whresize&wid=200&hei=200,https://media-www.canadiantire.ca/product/living/food-drink/seasonal-confectionery/1517254/maynard-sour-patch-kids-24-ct-f30d7d40-7bc0-4da5-88b1-7e26b6a58a3a-jpgrendition.jpg?im=whresize&wid=200&hei=200,,1517254,151-7254-4,,Liquidation◊Mieux notés,53,"3,99","8,49"
51,"Kincardine, ON","Mini Twix/M&M/Snickers variés, multicolore, 292 g, paq. 25 friandises pour l'Halloween","Mini Twix/M&M/Snickers variés, multicolore, 292 g, paq. 25 friandises pour l'Halloween",4.49,"4,49 $",8.99,"Était±  8,99 $prix était 8,99 $",4.49,"4,49 $",4.49,"4,49 $",true,https://www.canadiantire.ca/fr/pdp/mini-twix-m-m-snickers-varies-multicolore-292-g-paq-25-friandises-pour-l-halloween-0535171p.html,https://www.canadiantire.ca/fr/pdp/mini-twix-m-m-snickers-varies-multicolore-292-g-paq-25-friandises-pour-l-halloween-0535171p.html,https://media-www.canadiantire.ca/product/living/food-drink/seasonal-confectionery/0535171/mars-variety-25-count-b55d4fd3-8e08-465d-b157-220233c697f5-jpgrendition.jpg?im=whresize&wid=200&hei=200,https://media-www.canadiantire.ca/product/living/food-drink/seasonal-confectionery/0535171/mars-variety-25-count-b55d4fd3-8e08-465d-b157-220233c697f5-jpgrendition.jpg?im=whresize&wid=200&hei=200,,0535171,053-5171-6,Il n’en reste que 7 #053-5171-6,Liquidation◊Mieux notés,50.06,"4,49","8,99"
51,"Kincardine, ON","Bonhomme de neige à commande vocale évoluée de couleur et de mouvement NOMA, 1 m (3 pi 5 po), multicolore","Bonhomme de neige à commande vocale évoluée de couleur et de mouvement NOMA, 1 m (3 pi 5 po), multicolore",99.93,"99,93 $",224.99,"Était±  224,99 $prix était 224,99 $",99.93,"99,93 $",99.93,"99,93 $",true,https://www.canadiantire.ca/fr/pdp/bonhomme-de-neige-a-commande-vocale-evoluee-de-couleur-et-de-mouvement-noma-1-m-3-pi-5-po-multicolore-2511038p.html,https://www.canadiantire.ca/fr/pdp/bonhomme-de-neige-a-commande-vocale-evoluee-de-couleur-et-de-mouvement-noma-1-m-3-pi-5-po-multicolore-2511038p.html,https://media-www.canadiantire.ca/product/seasonal-gardening/seasonal/christmas-lights-outdoor-decor/2511038/noma-advanced-smart-snowman-d4f79ca1-a29e-4223-bd44-e855e3aef85f-jpgrendition.jpg?im=whresize&wid=200&hei=200,https://media-www.canadiantire.ca/product/seasonal-gardening/seasonal/christmas-lights-outdoor-decor/2511038/noma-advanced-smart-snowman-d4f79ca1-a29e-4223-bd44-e855e3aef85f-jpgrendition.jpg?im=whresize&wid=200&hei=200,,2511038,251-1038-8,Il n’en reste que 2 #251-1038-8,Liquidation◊Exclusivité,55.58,"99,93","224,99"
51,"Kincardine, ON","Table et train en bois Rocky Mountain, paq. 50","Table et train en bois Rocky Mountain, paq. 50",62.93,"62,93 $",149.99,"Était±  149,99 $prix était 149,99 $",62.93,"62,93 $",62.93,"62,93 $",true,https://www.canadiantire.ca/fr/pdp/table-et-train-en-bois-rocky-mountain-paq-50-1501272p.html,https://www.canadiantire.ca/fr/pdp/table-et-train-en-bois-rocky-mountain-paq-50-1501272p.html,https://media-www.canadiantire.ca/product/seasonal-gardening/toys/preschool-toys-activities/1501272/rocky-mountain-wooden-train-set-and-table-d9702a1d-eceb-406f-99bf-dc0cf5d5b2e9-jpgrendition.jpg?im=whresize&wid=200&hei=200,https://media-www.canadiantire.ca/product/seasonal-gardening/toys/preschool-toys-activities/1501272/rocky-mountain-wooden-train-set-and-table-d9702a1d-eceb-406f-99bf-dc0cf5d5b2e9-jpgrendition.jpg?im=whresize&wid=200&hei=200,,1501272,150-1272-8,,Liquidation◊Mieux notés,58.04,"62,93","149,99"
51,"Kincardine, ON","Guirlande artificielle de houx panaché de Noël avec baies For Living CANVAS, 6 pi","Guirlande artificielle de houx panaché de Noël avec baies For Living CANVAS, 6 pi",19.93,"19,93 $",39.99,"Était±  39,99 $prix était 39,99 $",19.93,"19,93 $",19.93,"19,93 $",true,https://www.canadiantire.ca/fr/pdp/guirlande-artificielle-de-houx-panache-de-noel-avec-baies-for-living-canvas-6-pi-0515310p.html,https://www.canadiantire.ca/fr/pdp/guirlande-artificielle-de-houx-panache-de-noel-avec-baies-for-living-canvas-6-pi-0515310p.html,https://media-www.canadiantire.ca/product/seasonal-gardening/seasonal/christmas-indoor-decor/0515310/6-winter-ivey-garland-with-berries-48640021-a82f-4c6f-a68c-ab13e2b08cfd-jpgrendition.jpg?im=whresize&wid=200&hei=200,https://media-www.canadiantire.ca/product/seasonal-gardening/seasonal/christmas-indoor-decor/0515310/6-winter-ivey-garland-with-berries-48640021-a82f-4c6f-a68c-ab13e2b08cfd-jpgrendition.jpg?im=whresize&wid=200&hei=200,,0515310,051-5310-0,9 En Stock#051-5310-0,Liquidation◊Mieux notés,50.16,"19,93","39,99"
51,"Kincardine, ON","Bonbons pétillants Regal Power Poppers, paq. 50","Bonbons pétillants Regal Power Poppers, paq. 50",1.99,"1,99 $",3.99,"Était±  3,99 $prix était 3,99 $",1.99,"1,99 $",1.99,"1,99 $",true,https://www.canadiantire.ca/fr/pdp/bonbons-petillants-regal-power-poppers-paq-50-1517386p.html,https://www.canadiantire.ca/fr/pdp/bonbons-petillants-regal-power-poppers-paq-50-1517386p.html,https://media-www.canadiantire.ca/product/living/food-drink/seasonal-confectionery/1517386/power-poppers-popping-candy-50-ct-937ca5b3-617b-4a81-9617-67934b9b2867-jpgrendition.jpg?im=whresize&wid=200&hei=200,https://media-www.canadiantire.ca/product/living/food-drink/seasonal-confectionery/1517386/power-poppers-popping-candy-50-ct-937ca5b3-617b-4a81-9617-67934b9b2867-jpgrendition.jpg?im=whresize&wid=200&hei=200,,1517386,151-7386-0,14 En Stock#151-7386-0,Liquidation◊Mieux notés,50.13,"1,99","3,99"
51,"Kincardine, ON","Tapis de couloir d'intérieur et d'extérieur CANVAS Elmken, 3 x 5 pi","Tapis de couloir d'intérieur et d'extérieur CANVAS Elmken, 3 x 5 pi",14.93,"14,93 $",29.99,"Était±  29,99 $prix était 29,99 $",14.93,"14,93 $",14.93,"14,93 $",true,https://www.canadiantire.ca/fr/pdp/tapis-de-couloir-d-interieur-et-d-exterieur-canvas-elmken-3-x-5-pi-0680046p.html,https://www.canadiantire.ca/fr/pdp/tapis-de-couloir-d-interieur-et-d-exterieur-canvas-elmken-3-x-5-pi-0680046p.html,https://media-www.canadiantire.ca/product/living/home-decor/floor-window-decor/0680046/baldi-3x5-outdoor-runner-rug-350670e1-7256-4998-93eb-5ec048a7e9e4-jpgrendition.jpg?im=whresize&wid=200&hei=200,https://media-www.canadiantire.ca/product/living/home-decor/floor-window-decor/0680046/baldi-3x5-outdoor-runner-rug-350670e1-7256-4998-93eb-5ec048a7e9e4-jpgrendition.jpg?im=whresize&wid=200&hei=200,,0680046,068-0046-2,Il n’en reste que 4 #068-0046-2,Liquidation◊Mieux notés,50.22,"14,93","29,99"
51,"Kincardine, ON","Arbres coniques à DEL CANVAS, décorations de Noël, blanc, paq. 2","Arbres coniques à DEL CANVAS, décorations de Noël, blanc, paq. 2",49.93,"49,93 $",99.99,"Était±  99,99 $prix était 99,99 $",49.93,"49,93 $",49.93,"49,93 $",true,https://www.canadiantire.ca/fr/pdp/arbres-coniques-a-del-canvas-decorations-de-noel-blanc-paq-2-1513570p.html,https://www.canadiantire.ca/fr/pdp/arbres-coniques-a-del-canvas-decorations-de-noel-blanc-paq-2-1513570p.html,https://media-www.canadiantire.ca/product/seasonal-gardening/seasonal/christmas-lights-outdoor-decor/1513570/canvas-led-cone-trees-2-pack-white-8d3462d6-4e48-4848-84ef-7cd285a73639-jpgrendition.jpg?im=whresize&wid=200&hei=200,https://media-www.canadiantire.ca/product/seasonal-gardening/seasonal/christmas-lights-outdoor-decor/1513570/canvas-led-cone-trees-2-pack-white-8d3462d6-4e48-4848-84ef-7cd285a73639-jpgrendition.jpg?im=whresize&wid=200&hei=200,,1513570,151-3570-4,Il n’en reste que 3 #151-3570-4,Liquidation◊Exclusivité,50.07,"49,93","99,99"
51,"Kincardine, ON","Guirlande de lumières pour usage intérieur et extérieur C9 personnalisé NOMA Advanced, 120 W, paq. 100","Guirlande de lumières pour usage intérieur et extérieur C9 personnalisé NOMA Advanced, 120 W, paq. 100",29.93,"29,93 $",59.99,"Était±  59,99 $prix était 59,99 $",29.93,"29,93 $",29.93,"29,93 $",true,https://www.canadiantire.ca/fr/pdp/guirlande-de-lumieres-pour-usage-interieur-et-exterieur-c9-personnalise-noma-advanced-120-w-paq-100-2510146p.html,https://www.canadiantire.ca/fr/pdp/guirlande-de-lumieres-pour-usage-interieur-et-exterieur-c9-personnalise-noma-advanced-120-w-paq-100-2510146p.html,https://media-www.canadiantire.ca/product/seasonal-gardening/seasonal/christmas-lights-outdoor-decor/2510146/noma-advanced-custom-lights-c9-led-100-88452238-ccf9-4fa5-938f-a9f0647f4b32-jpgrendition.jpg?im=whresize&wid=200&hei=200,https://media-www.canadiantire.ca/product/seasonal-gardening/seasonal/christmas-lights-outdoor-decor/2510146/noma-advanced-custom-lights-c9-led-100-88452238-ccf9-4fa5-938f-a9f0647f4b32-jpgrendition.jpg?im=whresize&wid=200&hei=200,,2510146,251-0146-6,Il n’en reste que 3 #251-0146-6,Liquidation◊Mieux notés,50.11,"29,93","59,99"
51,"Kincardine, ON","Projecteur solaire à DEL NOMA 5X, extérieur, blanc froid, paq. de 2","Projecteur solaire à DEL NOMA 5X, extérieur, blanc froid, paq. de 2",14.93,"14,93 $",29.99,"Était±  29,99 $prix était 29,99 $",14.93,"14,93 $",14.93,"14,93 $",true,https://www.canadiantire.ca/fr/pdp/projecteur-solaire-a-del-noma-5x-exterieur-blanc-froid-paq-de-2-0524014p.html,https://www.canadiantire.ca/fr/pdp/projecteur-solaire-a-del-noma-5x-exterieur-blanc-froid-paq-de-2-0524014p.html,https://media-www.canadiantire.ca/product/seasonal-gardening/backyard-living/outdoor-lighting/0524014/noma-solar-5x-high-output-led-spot-light-2pk-65ea32ca-8669-405d-83cb-34f85d330051.png?im=whresize&wid=200&hei=200,https://media-www.canadiantire.ca/product/seasonal-gardening/backyard-living/outdoor-lighting/0524014/noma-solar-5x-high-output-led-spot-light-2pk-65ea32ca-8669-405d-83cb-34f85d330051.png?im=whresize&wid=200&hei=200,,0524014,052-4014-0,Il n’en reste que 1 #052-4014-0,Liquidation◊Exclusivité,50.22,"14,93","29,99"
51,"Kincardine, ON","Tapis de chargement pliant sans fil Bluehive 10 W, lampe DEL","Tapis de chargement pliant sans fil Bluehive 10 W, lampe DEL",24.93,"24,93 $",54.99,"Était±  54,99 $prix était 54,99 $",24.93,"24,93 $",24.93,"24,93 $",true,https://www.canadiantire.ca/fr/pdp/tapis-de-chargement-pliant-sans-fil-bluehive-10-w-lampe-del-0355503p.html,https://www.canadiantire.ca/fr/pdp/tapis-de-chargement-pliant-sans-fil-bluehive-10-w-lampe-del-0355503p.html,https://media-www.canadiantire.ca/product/automotive/car-care-accessories/auto-electronics/0355503/bluehive-foldable-10w-wireless-charge-pad-with-led-lamp-23a7110b-8e6d-4fd8-8a12-54665870b447-jpgrendition.jpg?im=whresize&wid=200&hei=200,https://media-www.canadiantire.ca/product/automotive/car-care-accessories/auto-electronics/0355503/bluehive-foldable-10w-wireless-charge-pad-with-led-lamp-23a7110b-8e6d-4fd8-8a12-54665870b447-jpgrendition.jpg?im=whresize&wid=200&hei=200,,0355503,035-5503-2,0 En Stock#035-5503-2,Liquidation◊Exclusivité,54.66,"24,93","54,99"
51,"Kincardine, ON","Plats de cuisson antiadhésifs Paderno Vida, paq. 4","Plats de cuisson antiadhésifs Paderno Vida, paq. 4",49.93,"49,93 $",99.99,"Était±  99,99 $prix était 99,99 $",49.93,"49,93 $",49.93,"49,93 $",true,https://www.canadiantire.ca/fr/pdp/plats-de-cuisson-antiadhesifs-paderno-vida-paq-4-1429584p.html,https://www.canadiantire.ca/fr/pdp/plats-de-cuisson-antiadhesifs-paderno-vida-paq-4-1429584p.html,https://media-www.canadiantire.ca/product/living/kitchen/bakeware-baking-prep/1429584/vida-4pc-metal-bakeware-set-3441ec2e-dc9f-4c49-8906-1a23d9a68520-jpgrendition.jpg?im=whresize&wid=200&hei=200,https://media-www.canadiantire.ca/product/living/kitchen/bakeware-baking-prep/1429584/vida-4pc-metal-bakeware-set-3441ec2e-dc9f-4c49-8906-1a23d9a68520-jpgrendition.jpg?im=whresize&wid=200&hei=200,,1429584,142-9584-8,Il n’en reste que 1 #142-9584-8,Liquidation◊Mieux notés,50.07,"49,93","99,99"
51,"Kincardine, ON","Ampoules de Noël à DEL d'extérieur For Living C6, multicolore, 50 pi 5 po, paq. 200","Ampoules de Noël à DEL d'extérieur For Living C6, multicolore, 50 pi 5 po, paq. 200",24.93,"24,93 $",49.99,"Était±  49,99 $prix était 49,99 $",24.93,"24,93 $",24.93,"24,93 $",true,https://www.canadiantire.ca/fr/pdp/ampoules-de-noel-a-del-d-exterieur-for-living-c6-multicolore-50-pi-5-po-paq-200-1513449p.html,https://www.canadiantire.ca/fr/pdp/ampoules-de-noel-a-del-d-exterieur-for-living-c6-multicolore-50-pi-5-po-paq-200-1513449p.html,https://media-www.canadiantire.ca/product/seasonal-gardening/seasonal/christmas-lights-outdoor-decor/1513449/for-living-outdoor-200-c6-led-lights-multicoloured-29b5b3b8-600c-4251-bac1-23e71e7452f8-jpgrendition.jpg?im=whresize&wid=200&hei=200,https://media-www.canadiantire.ca/product/seasonal-gardening/seasonal/christmas-lights-outdoor-decor/1513449/for-living-outdoor-200-c6-led-lights-multicoloured-29b5b3b8-600c-4251-bac1-23e71e7452f8-jpgrendition.jpg?im=whresize&wid=200&hei=200,,1513449,151-3449-6,Il n’en reste que 3 #151-3449-6,Liquidation◊Exclusivité,50.13,"24,93","49,99"
51,"Kincardine, ON","Grattoir Reflex avec poignée en mousse, 10 po","Grattoir Reflex avec poignée en mousse, 10 po",2.93,"2,93 $",5.99,"Était±  5,99 $prix était 5,99 $",2.93,"2,93 $",2.93,"2,93 $",true,https://www.canadiantire.ca/fr/pdp/grattoir-reflex-avec-poignee-en-mousse-10-po-0304239p.html,https://www.canadiantire.ca/fr/pdp/grattoir-reflex-avec-poignee-en-mousse-10-po-0304239p.html,https://media-www.canadiantire.ca/product/automotive/car-care-accessories/auto-winter-accessories/0304239/10-scraper-with-foam-grip-f0ede737-e601-48d5-bfff-6460868e4ae1-jpgrendition.jpg?im=whresize&wid=200&hei=200,https://media-www.canadiantire.ca/product/automotive/car-care-accessories/auto-winter-accessories/0304239/10-scraper-with-foam-grip-f0ede737-e601-48d5-bfff-6460868e4ae1-jpgrendition.jpg?im=whresize&wid=200&hei=200,,0304239,030-4239-8,Il n’en reste que 5 #030-4239-8,Liquidation◊Mieux notés,51.09,"2,93","5,99"
51,"Kincardine, ON","Amis effrayants Kit Kat, paq. 40","Amis effrayants Kit Kat, paq. 40",7.49,"7,49 $",14.99,"Était±  14,99 $prix était 14,99 $",7.49,"7,49 $",7.49,"7,49 $",true,https://www.canadiantire.ca/fr/pdp/amis-effrayants-kit-kat-paq-40-1519500p.html,https://www.canadiantire.ca/fr/pdp/amis-effrayants-kit-kat-paq-40-1519500p.html,https://media-www.canadiantire.ca/product/living/food-drink/seasonal-confectionery/1519500/kit-kat-scary-friends-40-count-3eedadc7-fdc8-427f-91ea-0f4c1d5a3476-jpgrendition.jpg?im=whresize&wid=200&hei=200,https://media-www.canadiantire.ca/product/living/food-drink/seasonal-confectionery/1519500/kit-kat-scary-friends-40-count-3eedadc7-fdc8-427f-91ea-0f4c1d5a3476-jpgrendition.jpg?im=whresize&wid=200&hei=200,,1519500,151-9500-6,Il n’en reste que 1 #151-9500-6,Liquidation◊Mieux notés,50.03,"7,49","14,99"
51,"Kincardine, ON",Bottes d'hiver Outbond Dave pour hommes,Bottes d'hiver Outbond Dave pour hommes,49.93,"49,93 $",119.99,"119,99 $Était   et+ prix était à partir de 119,99 $",49.93,"49,93 $",49.93,"49,93 $",true,https://www.canadiantire.ca/fr/pdp/bottes-d-hiver-outbond-dave-pour-hommes-0873500p.html,https://www.canadiantire.ca/fr/pdp/bottes-d-hiver-outbond-dave-pour-hommes-0873500p.html,https://media-www.canadiantire.ca/product/playing/footwear-apparel/winter-footwear-apparel/0873500/outbound-dave-winter-boot-m7-78ffc309-049a-44ed-9bf1-46baac668984-jpgrendition.jpg?im=whresize&wid=200&hei=200,https://media-www.canadiantire.ca/product/playing/footwear-apparel/winter-footwear-apparel/0873500/outbound-dave-winter-boot-m7-78ffc309-049a-44ed-9bf1-46baac668984-jpgrendition.jpg?im=whresize&wid=200&hei=200,,0873500,087-3500,,Liquidation◊Exclusivité,58.39,"49,93","119,99"
51,"Kincardine, ON","Service de vaisselle de Noël en porcelaine CANVAS Jardin d'hiver, paq. 12","Service de vaisselle de Noël en porcelaine CANVAS Jardin d'hiver, paq. 12",42.93,"42,93 $",99.99,"Était±  99,99 $prix était 99,99 $",42.93,"42,93 $",42.93,"42,93 $",true,https://www.canadiantire.ca/fr/pdp/service-de-vaisselle-de-noel-en-porcelaine-canvas-jardin-d-hiver-paq-12-0514854p.html,https://www.canadiantire.ca/fr/pdp/service-de-vaisselle-de-noel-en-porcelaine-canvas-jardin-d-hiver-paq-12-0514854p.html,https://media-www.canadiantire.ca/product/seasonal-gardening/seasonal/christmas-indoor-decor/0514854/winter-garden-dinnerware-set-porcelain-12-pieces-fab9704d-6ae5-4561-a06c-dc28da6f7bdf-jpgrendition.jpg?im=whresize&wid=200&hei=200,https://media-www.canadiantire.ca/product/seasonal-gardening/seasonal/christmas-indoor-decor/0514854/winter-garden-dinnerware-set-porcelain-12-pieces-fab9704d-6ae5-4561-a06c-dc28da6f7bdf-jpgrendition.jpg?im=whresize&wid=200&hei=200,,0514854,051-4854-2,Il n’en reste que 4 #051-4854-2,Liquidation◊Mieux notés,57.07,"42,93","99,99"
51,"Kincardine, ON","Étoile filante lumineuse à effets spéciaux NOMA pour extérieur, décoration de Noël, multicolore","Étoile filante lumineuse à effets spéciaux NOMA pour extérieur, décoration de Noël, multicolore",19.93,"19,93 $",39.99,"Était±  39,99 $prix était 39,99 $",19.93,"19,93 $",19.93,"19,93 $",true,https://www.canadiantire.ca/fr/pdp/etoile-filante-lumineuse-a-effets-speciaux-noma-pour-exterieur-decoration-de-noel-multicolore-2510051p.html,https://www.canadiantire.ca/fr/pdp/etoile-filante-lumineuse-a-effets-speciaux-noma-pour-exterieur-decoration-de-noel-multicolore-2510051p.html,https://media-www.canadiantire.ca/product/seasonal-gardening/seasonal/christmas-lights-outdoor-decor/2510051/canvas-outdoor-lightshow-shooting-star-sign-multicoloured-b37b3d93-f1f7-4a8f-9119-cafa47e9d94a-jpgrendition.jpg?im=whresize&wid=200&hei=200,https://media-www.canadiantire.ca/product/seasonal-gardening/seasonal/christmas-lights-outdoor-decor/2510051/canvas-outdoor-lightshow-shooting-star-sign-multicoloured-b37b3d93-f1f7-4a8f-9119-cafa47e9d94a-jpgrendition.jpg?im=whresize&wid=200&hei=200,,2510051,251-0051-0,,Liquidation◊Exclusivité,50.16,"19,93","39,99"
51,"Kincardine, ON","Vélo électrique tout-terrain Raleigh Getaway 36 V, 700C roues, noir","Vélo électrique tout-terrain Raleigh Getaway 36 V, 700C roues, noir",1399.93,"1 399,93 $",2799.99,"Était±  2 799,99 $prix était 2 799,99 $",1399.93,"1 399,93 $",1399.93,"1 399,93 $",true,https://www.canadiantire.ca/fr/pdp/velo-electrique-tout-terrain-raleigh-getaway-36-v-700c-roues-noir-0711931p.html,https://www.canadiantire.ca/fr/pdp/velo-electrique-tout-terrain-raleigh-getaway-36-v-700c-roues-noir-0711931p.html,https://media-www.canadiantire.ca/product/playing/cycling/bicycles/0711931/raleigh-getaway-men-s-electric-bike-700c-e4b77c61-6dc1-49c0-b6d7-114a1fe93cc4-jpgrendition.jpg?im=whresize&wid=200&hei=200,https://media-www.canadiantire.ca/product/playing/cycling/bicycles/0711931/raleigh-getaway-men-s-electric-bike-700c-e4b77c61-6dc1-49c0-b6d7-114a1fe93cc4-jpgrendition.jpg?im=whresize&wid=200&hei=200,,0711931,071-1931-8,Il n’en reste que 1 #071-1931-8,Liquidation◊Articles à succès,50,"1399,93","2799,99"
51,"Kincardine, ON","Décoration de Noël teckel en fil métallique CANVAS, ampoules incandescentes, intérieur et extérieur","Décoration de Noël teckel en fil métallique CANVAS, ampoules incandescentes, intérieur et extérieur",49.93,"49,93 $",99.99,"Était±  99,99 $prix était 99,99 $",49.93,"49,93 $",49.93,"49,93 $",true,https://www.canadiantire.ca/fr/pdp/decoration-de-noel-teckel-en-fil-metallique-canvas-ampoules-incandescentes-interieur-et-exterieur-2510083p.html,https://www.canadiantire.ca/fr/pdp/decoration-de-noel-teckel-en-fil-metallique-canvas-ampoules-incandescentes-interieur-et-exterieur-2510083p.html,https://media-www.canadiantire.ca/product/seasonal-gardening/seasonal/christmas-lights-outdoor-decor/2510083/canvas-2-incandescent-whimsical-daschund-dog-6d317268-22b3-485e-a197-b6ef609fbf6a.png?im=whresize&wid=200&hei=200,https://media-www.canadiantire.ca/product/seasonal-gardening/seasonal/christmas-lights-outdoor-decor/2510083/canvas-2-incandescent-whimsical-daschund-dog-6d317268-22b3-485e-a197-b6ef609fbf6a.png?im=whresize&wid=200&hei=200,,2510083,251-0083-4,Il n’en reste que 4 #251-0083-4,Liquidation◊Mieux notés,50.07,"49,93","99,99"
51,"Kincardine, ON","Mini barres Oh Henry!, chocolat au lait, jaune, 375 g, paq. 25, friandises pour l'Halloween","Mini barres Oh Henry!, chocolat au lait, jaune, 375 g, paq. 25, friandises pour l'Halloween",4.99,"4,99 $",9.99,"Était±  9,99 $prix était 9,99 $",4.99,"4,99 $",4.99,"4,99 $",true,https://www.canadiantire.ca/fr/pdp/mini-barres-oh-henry-chocolat-au-lait-jaune-375-g-paq-25-friandises-pour-l-halloween-1517297p.html,https://www.canadiantire.ca/fr/pdp/mini-barres-oh-henry-chocolat-au-lait-jaune-375-g-paq-25-friandises-pour-l-halloween-1517297p.html,https://media-www.canadiantire.ca/product/living/food-drink/seasonal-confectionery/1517297/oh-henry-junior-30-ct-3ea6cc76-a1cb-4c36-b9c8-12e90fa4ad98-jpgrendition.jpg?im=whresize&wid=200&hei=200,https://media-www.canadiantire.ca/product/living/food-drink/seasonal-confectionery/1517297/oh-henry-junior-30-ct-3ea6cc76-a1cb-4c36-b9c8-12e90fa4ad98-jpgrendition.jpg?im=whresize&wid=200&hei=200,,1517297,151-7297-2,,Liquidation◊Mieux notés,50.05,"4,99","9,99"
51,"Kincardine, ON",Bottes dʼhiver isolées Outbound Snowfall pour dames,Bottes dʼhiver isolées Outbound Snowfall pour dames,49.93,"49,93 $",99.99,"99,99 $Était   et+ prix était à partir de 99,99 $",49.93,"49,93 $",49.93,"49,93 $",true,https://www.canadiantire.ca/fr/pdp/bottes-d-hiver-isolees-outbound-snowfall-pour-dames-1873621p.html,https://www.canadiantire.ca/fr/pdp/bottes-d-hiver-isolees-outbound-snowfall-pour-dames-1873621p.html,https://media-www.canadiantire.ca/product/playing/footwear-apparel/winter-footwear-apparel/1873621/women-s-snowfall-insulated-winter-boot-6-bd92a426-ced5-40b5-a104-e7adb8f24c58-jpgrendition.jpg?im=whresize&wid=200&hei=200,https://media-www.canadiantire.ca/product/playing/footwear-apparel/winter-footwear-apparel/1873621/women-s-snowfall-insulated-winter-boot-6-bd92a426-ced5-40b5-a104-e7adb8f24c58-jpgrendition.jpg?im=whresize&wid=200&hei=200,,1873621,187-3621,,Liquidation◊Exclusivité,50.07,"49,93","99,99"
51,"Kincardine, ON","Tapis de couloir d'intérieur et d'extérieur CANVAS Elfin, 3 x 5 pi","Tapis de couloir d'intérieur et d'extérieur CANVAS Elfin, 3 x 5 pi",14.93,"14,93 $",29.99,"Était±  29,99 $prix était 29,99 $",14.93,"14,93 $",14.93,"14,93 $",true,https://www.canadiantire.ca/fr/pdp/tapis-de-couloir-d-interieur-et-d-exterieur-canvas-elfin-3-x-5-pi-0680045p.html,https://www.canadiantire.ca/fr/pdp/tapis-de-couloir-d-interieur-et-d-exterieur-canvas-elfin-3-x-5-pi-0680045p.html,https://media-www.canadiantire.ca/product/living/home-decor/floor-window-decor/0680045/elfin-outdoor-runner-rug-f81ffe3f-6368-4f13-8809-4b772e430737-jpgrendition.jpg?im=whresize&wid=200&hei=200,https://media-www.canadiantire.ca/product/living/home-decor/floor-window-decor/0680045/elfin-outdoor-runner-rug-f81ffe3f-6368-4f13-8809-4b772e430737-jpgrendition.jpg?im=whresize&wid=200&hei=200,,0680045,068-0045-4,Il n’en reste que 3 #068-0045-4,Liquidation◊Exclusivité,50.22,"14,93","29,99"
51,"Kincardine, ON","Cerfs (02) et traîneau incandescents, CANVAS, décorations de Noël, charme doré","Cerfs (02) et traîneau incandescents, CANVAS, décorations de Noël, charme doré",99.93,"99,93 $",199.99,"Était±  199,99 $prix était 199,99 $",99.93,"99,93 $",99.93,"99,93 $",true,https://www.canadiantire.ca/fr/pdp/cerfs-02-et-traineau-incandescents-canvas-decorations-de-noel-charme-dore-1513565p.html,https://www.canadiantire.ca/fr/pdp/cerfs-02-et-traineau-incandescents-canvas-decorations-de-noel-charme-dore-1513565p.html,https://media-www.canadiantire.ca/product/seasonal-gardening/seasonal/christmas-lights-outdoor-decor/1513565/canvas-incandescent-golden-charm-2-deer-and-sleigh-e2a3f79b-86f3-4f45-afbb-23eb2587c202-jpgrendition.jpg?im=whresize&wid=200&hei=200,https://media-www.canadiantire.ca/product/seasonal-gardening/seasonal/christmas-lights-outdoor-decor/1513565/canvas-incandescent-golden-charm-2-deer-and-sleigh-e2a3f79b-86f3-4f45-afbb-23eb2587c202-jpgrendition.jpg?im=whresize&wid=200&hei=200,,1513565,151-3565-8,8 En Stock#151-3565-8,Liquidation◊Exclusivité,50.03,"99,93","199,99"
51,"Kincardine, ON","Décoration de Noël guirlande traditionnelle artificielle CANVAS, aiguilles rigides, 9 pi","Décoration de Noël guirlande traditionnelle artificielle CANVAS, aiguilles rigides, 9 pi",24.93,"24,93 $",54.99,"Était±  54,99 $prix était 54,99 $",24.93,"24,93 $",24.93,"24,93 $",true,https://www.canadiantire.ca/fr/pdp/decoration-de-noel-guirlande-traditionnelle-artificielle-canvas-aiguilles-rigides-9-pi-1511744p.html,https://www.canadiantire.ca/fr/pdp/decoration-de-noel-guirlande-traditionnelle-artificielle-canvas-aiguilles-rigides-9-pi-1511744p.html,https://media-www.canadiantire.ca/product/seasonal-gardening/seasonal/seasonal-decor/1511744/traditional-9ft-hard-needle-garland-dc7330d0-4119-4e40-b0c7-40baa05618ef-jpgrendition.jpg?im=whresize&wid=200&hei=200,https://media-www.canadiantire.ca/product/seasonal-gardening/seasonal/seasonal-decor/1511744/traditional-9ft-hard-needle-garland-dc7330d0-4119-4e40-b0c7-40baa05618ef-jpgrendition.jpg?im=whresize&wid=200&hei=200,,1511744,151-1744-4,Il n’en reste que 6 #151-1744-4,Liquidation◊Mieux notés,54.66,"24,93","54,99"
51,"Kincardine, ON","Lumières des fêtes NOMA Northern Shimmer, 90 ampoules à DEL C9, blanc pur, 10 pi, paq. 10","Lumières des fêtes NOMA Northern Shimmer, 90 ampoules à DEL C9, blanc pur, 10 pi, paq. 10",15.93,"15,93 $",49.99,"Était±  49,99 $prix était 49,99 $",15.93,"15,93 $",15.93,"15,93 $",true,https://www.canadiantire.ca/fr/pdp/lumieres-des-fetes-noma-northern-shimmer-90-ampoules-a-del-c9-blanc-pur-10-pi-paq-10-1513955p.html,https://www.canadiantire.ca/fr/pdp/lumieres-des-fetes-noma-northern-shimmer-90-ampoules-a-del-c9-blanc-pur-10-pi-paq-10-1513955p.html,https://media-www.canadiantire.ca/product/seasonal-gardening/seasonal/christmas-lights-outdoor-decor/1513955/noma-northern-shimmer-10-c9-lights-pure-white-80a2ba57-5436-46d5-9d46-1f6c372ace7b-jpgrendition.jpg?im=whresize&wid=200&hei=200,https://media-www.canadiantire.ca/product/seasonal-gardening/seasonal/christmas-lights-outdoor-decor/1513955/noma-northern-shimmer-10-c9-lights-pure-white-80a2ba57-5436-46d5-9d46-1f6c372ace7b-jpgrendition.jpg?im=whresize&wid=200&hei=200,,1513955,151-3955-0,11 En Stock#151-3955-0,Liquidation◊Mieux notés,68.13,"15,93","49,99"
51,"Kincardine, ON","Pantalon technique de chasse hydrofuge Yukon Gear Gazelle pour femmes doublure chaude, camouflage","Pantalon technique de chasse hydrofuge Yukon Gear Gazelle pour femmes doublure chaude, camouflage",79.93,"79,93 $",174.99,"174,99 $Était   et+ prix était à partir de 174,99 $",79.93,"79,93 $",79.93,"79,93 $",true,https://www.canadiantire.ca/fr/pdp/pantalon-technique-de-chasse-hydrofuge-yukon-gear-gazelle-pour-femmes-doublure-chaude-camouflage-3750760p.html,https://www.canadiantire.ca/fr/pdp/pantalon-technique-de-chasse-hydrofuge-yukon-gear-gazelle-pour-femmes-doublure-chaude-camouflage-3750760p.html,https://media-www.canadiantire.ca/product/playing/hunting/hunting-apparel-footwear/3750760/yukon-gear-women-teck-pant-s-cffae867-8894-40e2-a1b6-e54582e3cd3e-jpgrendition.jpg?im=whresize&wid=200&hei=200,https://media-www.canadiantire.ca/product/playing/hunting/hunting-apparel-footwear/3750760/yukon-gear-women-teck-pant-s-cffae867-8894-40e2-a1b6-e54582e3cd3e-jpgrendition.jpg?im=whresize&wid=200&hei=200,,3750760,375-0760,,Liquidation◊Mieux notés,54.32,"79,93","174,99"
51,"Kincardine, ON","Maynards – Mini baies suédoises, poissons suédois, bonbons surs pour enfants, pêches duveteuses, couleurs variées, 562 g, paq. 45 friandises pour l'Halloween","Maynards – Mini baies suédoises, poissons suédois, bonbons surs pour enfants, pêches duveteuses, couleurs variées, 562 g, paq. 45 friandises pour l'Halloween",6.49,"6,49 $",12.99,"Était±  12,99 $prix était 12,99 $",6.49,"6,49 $",6.49,"6,49 $",true,https://www.canadiantire.ca/fr/pdp/maynards-mini-baies-suedoises-poissons-suedois-bonbons-surs-pour-enfants-peches-duveteuses-couleurs-variees-562-g-paq-45-friandises-pour-l-halloween-0513235p.html,https://www.canadiantire.ca/fr/pdp/maynards-mini-baies-suedoises-poissons-suedois-bonbons-surs-pour-enfants-peches-duveteuses-couleurs-variees-562-g-paq-45-friandises-pour-l-halloween-0513235p.html,https://media-www.canadiantire.ca/product/living/food-drink/seasonal-confectionery/0513235/maynyards-wine-gums-45-count-c194d75b-458e-4e55-9106-44fc34aa7d27-jpgrendition.jpg?im=whresize&wid=200&hei=200,https://media-www.canadiantire.ca/product/living/food-drink/seasonal-confectionery/0513235/maynyards-wine-gums-45-count-c194d75b-458e-4e55-9106-44fc34aa7d27-jpgrendition.jpg?im=whresize&wid=200&hei=200,,0513235,051-3235-2,,Liquidation◊Mieux notés,50.04,"6,49","12,99"
51,"Kincardine, ON","Guirlande de Noël CANVAS Countryside avec cloches, pompons et perles, rose et blanc, 6 pi, paq. 3","Guirlande de Noël CANVAS Countryside avec cloches, pompons et perles, rose et blanc, 6 pi, paq. 3",14.93,"14,93 $",49.99,"Était±  49,99 $prix était 49,99 $",14.93,"14,93 $",14.93,"14,93 $",true,https://www.canadiantire.ca/fr/pdp/guirlande-de-noel-canvas-countryside-avec-cloches-pompons-et-perles-rose-et-blanc-6-pi-paq-3-1519356p.html,https://www.canadiantire.ca/fr/pdp/guirlande-de-noel-canvas-countryside-avec-cloches-pompons-et-perles-rose-et-blanc-6-pi-paq-3-1519356p.html,https://media-www.canadiantire.ca/product/seasonal-gardening/seasonal/christmas-indoor-decor/1519356/trend-3-pack-garland-6ft-5705a52c-acf6-4d08-b311-cf55b521d115-jpgrendition.jpg?im=whresize&wid=200&hei=200,https://media-www.canadiantire.ca/product/seasonal-gardening/seasonal/christmas-indoor-decor/1519356/trend-3-pack-garland-6ft-5705a52c-acf6-4d08-b311-cf55b521d115-jpgrendition.jpg?im=whresize&wid=200&hei=200,,1519356,151-9356-0,Il n’en reste que 2 #151-9356-0,Liquidation◊Exclusivité,70.13,"14,93","49,99"
51,"Kincardine, ON","Arbre de Noël décoratif de table argenté scintillant avec 20 ornements rouges et blancs For Living, 22 po","Arbre de Noël décoratif de table argenté scintillant avec 20 ornements rouges et blancs For Living, 22 po",9.93,"9,93 $",19.99,"Était±  19,99 $prix était 19,99 $",9.93,"9,93 $",9.93,"9,93 $",true,https://www.canadiantire.ca/fr/pdp/arbre-de-noel-decoratif-de-table-argente-scintillant-avec-20-ornements-rouges-et-blancs-for-living-22-po-0515491p.html,https://www.canadiantire.ca/fr/pdp/arbre-de-noel-decoratif-de-table-argente-scintillant-avec-20-ornements-rouges-et-blancs-for-living-22-po-0515491p.html,https://media-www.canadiantire.ca/product/seasonal-gardening/seasonal/christmas-indoor-decor/0515491/tabletop-silver-tinsel-tree-with-20-red-white-ornaments-22--21cf967f-7e46-4677-b1ed-c05aad1a73f9-jpgrendition.jpg?im=whresize&wid=200&hei=200,https://media-www.canadiantire.ca/product/seasonal-gardening/seasonal/christmas-indoor-decor/0515491/tabletop-silver-tinsel-tree-with-20-red-white-ornaments-22--21cf967f-7e46-4677-b1ed-c05aad1a73f9-jpgrendition.jpg?im=whresize&wid=200&hei=200,,0515491,051-5491-8,9 En Stock#051-5491-8,Liquidation◊Exclusivité,50.33,"9,93","19,99"
51,"Kincardine, ON",Bulbes de tulipes simples tardives Prince Bulbs Are Easy,Bulbes de tulipes simples tardives Prince Bulbs Are Easy,5.99,"5,99 $",11.99,"Était±  11,99 $prix était 11,99 $",5.99,"5,99 $",5.99,"5,99 $",true,https://www.canadiantire.ca/fr/pdp/bulbes-de-tulipes-simples-tardives-prince-bulbs-are-easy-1592282p.html,https://www.canadiantire.ca/fr/pdp/bulbes-de-tulipes-simples-tardives-prince-bulbs-are-easy-1592282p.html,https://media-www.canadiantire.ca/product/seasonal-gardening/gardening/dormant-goods/1592282/tulip-single-early-prince-assorted-bulb-94bd6f08-705d-4a03-8a37-1f360a4968c0-jpgrendition.jpg?im=whresize&wid=200&hei=200,https://media-www.canadiantire.ca/product/seasonal-gardening/gardening/dormant-goods/1592282/tulip-single-early-prince-assorted-bulb-94bd6f08-705d-4a03-8a37-1f360a4968c0-jpgrendition.jpg?im=whresize&wid=200&hei=200,,1592282,159-2282-0,,Liquidation◊Exclusivité,50.04,"5,99","11,99"
51,"Kincardine, ON","Fiches polarisées mâles pour l'intérieur et l'extérieur NOMA Advanced pour les décorations de Noël, paq. 10","Fiches polarisées mâles pour l'intérieur et l'extérieur NOMA Advanced pour les décorations de Noël, paq. 10",6.43,"6,43 $",12.99,"Était±  12,99 $prix était 12,99 $",6.43,"6,43 $",6.43,"6,43 $",true,https://www.canadiantire.ca/fr/pdp/fiches-polarisees-males-pour-l-interieur-et-l-exterieur-noma-advanced-pour-les-decorations-de-noel-paq-10-2510150p.html,https://www.canadiantire.ca/fr/pdp/fiches-polarisees-males-pour-l-interieur-et-l-exterieur-noma-advanced-pour-les-decorations-de-noel-paq-10-2510150p.html,https://media-www.canadiantire.ca/product/seasonal-gardening/seasonal/christmas-lights-outdoor-decor/2510150/noma-adv-cust-male-plugs-9fb0ece6-43ec-4521-b9d2-978e4cdec426-jpgrendition.jpg?im=whresize&wid=200&hei=200,https://media-www.canadiantire.ca/product/seasonal-gardening/seasonal/christmas-lights-outdoor-decor/2510150/noma-adv-cust-male-plugs-9fb0ece6-43ec-4521-b9d2-978e4cdec426-jpgrendition.jpg?im=whresize&wid=200&hei=200,,2510150,251-0150-4,,Liquidation◊Mieux notés,50.5,"6,43","12,99"
51,"Kincardine, ON","Salopette de chasse réversible et imperméable Yukon Gear pour hommes, neige/camouflage Realtree Xtra","Salopette de chasse réversible et imperméable Yukon Gear pour hommes, neige/camouflage Realtree Xtra",94.93,"94,93 $",189.99,"189,99 $Était   et+ prix était à partir de 189,99 $",94.93,"94,93 $",94.93,"94,93 $",true,https://www.canadiantire.ca/fr/pdp/salopette-de-chasse-reversible-et-impermeable-yukon-gear-pour-hommes-neige-camouflage-realtree-xtra-1759624p.html,https://www.canadiantire.ca/fr/pdp/salopette-de-chasse-reversible-et-impermeable-yukon-gear-pour-hommes-neige-camouflage-realtree-xtra-1759624p.html,https://media-www.canadiantire.ca/product/playing/hunting/hunting-apparel-footwear/1759624/yukon-gear-reversible-bib-snow-to-real-tree-m-fe3ccc2f-3788-4fa8-85b0-2feafdf014b9-jpgrendition.jpg?im=whresize&wid=200&hei=200,https://media-www.canadiantire.ca/product/playing/hunting/hunting-apparel-footwear/1759624/yukon-gear-reversible-bib-snow-to-real-tree-m-fe3ccc2f-3788-4fa8-85b0-2feafdf014b9-jpgrendition.jpg?im=whresize&wid=200&hei=200,,1759624,175-9624,,Liquidation◊Mieux notés,50.03,"94,93","189,99"
51,"Kincardine, ON","Friandises d’Halloween variées Hershey Twizzlers, paq. 30","Friandises d’Halloween variées Hershey Twizzlers, paq. 30",4.99,"4,99 $",9.99,"Était±  9,99 $prix était 9,99 $",4.99,"4,99 $",4.99,"4,99 $",true,https://www.canadiantire.ca/fr/pdp/friandises-d-halloween-variees-hershey-twizzlers-paq-30-1519490p.html,https://www.canadiantire.ca/fr/pdp/friandises-d-halloween-variees-hershey-twizzlers-paq-30-1519490p.html,https://media-www.canadiantire.ca/product/living/food-drink/seasonal-confectionery/1519490/twizzlers-30-count-d85f800e-2dd0-4082-8c14-7130035b44fe-jpgrendition.jpg?im=whresize&wid=200&hei=200,https://media-www.canadiantire.ca/product/living/food-drink/seasonal-confectionery/1519490/twizzlers-30-count-d85f800e-2dd0-4082-8c14-7130035b44fe-jpgrendition.jpg?im=whresize&wid=200&hei=200,,1519490,151-9490-8,11 En Stock#151-9490-8,Liquidation◊Mieux notés,50.05,"4,99","9,99"
51,"Kincardine, ON","Manteau Kamik Van pour hommes, noir","Manteau Kamik Van pour hommes, noir",58.93,"58,93 $",129.99,"129,99 $Était   et+ prix était à partir de 129,99 $",58.93,"58,93 $",58.93,"58,93 $",true,https://www.canadiantire.ca/fr/pdp/manteau-kamik-van-pour-hommes-noir-1873360p.html,https://www.canadiantire.ca/fr/pdp/manteau-kamik-van-pour-hommes-noir-1873360p.html,https://media-www.canadiantire.ca/product/playing/footwear-apparel/winter-footwear-apparel/1873360/kamik-van-jacket-black-medium-7863eb28-70e8-4e3d-a813-9ab2aca8f92b-jpgrendition.jpg?im=whresize&wid=200&hei=200,https://media-www.canadiantire.ca/product/playing/footwear-apparel/winter-footwear-apparel/1873360/kamik-van-jacket-black-medium-7863eb28-70e8-4e3d-a813-9ab2aca8f92b-jpgrendition.jpg?im=whresize&wid=200&hei=200,,1873360,187-3360,,Liquidation◊Mieux notés,54.67,"58,93","129,99"
51,"Kincardine, ON","Manteau Outbound Dale pour hommes, marine","Manteau Outbound Dale pour hommes, marine",58.93,"58,93 $",129.99,"129,99 $Était   et+ prix était à partir de 129,99 $",58.93,"58,93 $",58.93,"58,93 $",true,https://www.canadiantire.ca/fr/pdp/manteau-outbound-dale-pour-hommes-marine-1873364p.html,https://www.canadiantire.ca/fr/pdp/manteau-outbound-dale-pour-hommes-marine-1873364p.html,https://media-www.canadiantire.ca/product/playing/footwear-apparel/winter-footwear-apparel/1873364/kamik-van-jacket-navy-small-47c5d573-dd4f-4e04-a2bd-2657cf1d40bc-jpgrendition.jpg?im=whresize&wid=200&hei=200,https://media-www.canadiantire.ca/product/playing/footwear-apparel/winter-footwear-apparel/1873364/kamik-van-jacket-navy-small-47c5d573-dd4f-4e04-a2bd-2657cf1d40bc-jpgrendition.jpg?im=whresize&wid=200&hei=200,,1873364,187-3364,,Liquidation◊Exclusivité,54.67,"58,93","129,99"
51,"Kincardine, ON","NOMA Alaskan - Sapin de Noël illuminé avec support, 450 ampoules incandescentes, noir, 7 pi","NOMA Alaskan - Sapin de Noël illuminé avec support, 450 ampoules incandescentes, noir, 7 pi",112.93,"112,93 $",299.99,"Était±  299,99 $prix était 299,99 $",112.93,"112,93 $",112.93,"112,93 $",true,https://www.canadiantire.ca/fr/pdp/noma-alaskan-sapin-de-noel-illumine-avec-support-450-ampoules-incandescentes-noir-7-pi-1515606p.html,https://www.canadiantire.ca/fr/pdp/noma-alaskan-sapin-de-noel-illumine-avec-support-450-ampoules-incandescentes-noir-7-pi-1515606p.html,https://media-www.canadiantire.ca/product/seasonal-gardening/seasonal/christmas-trees/1515606/7-alaskan-black-tree-2fff04c7-9ab7-494c-a807-df50810cf43b-jpgrendition.jpg?im=whresize&wid=200&hei=200,https://media-www.canadiantire.ca/product/seasonal-gardening/seasonal/christmas-trees/1515606/7-alaskan-black-tree-2fff04c7-9ab7-494c-a807-df50810cf43b-jpgrendition.jpg?im=whresize&wid=200&hei=200,,1515606,151-5606-0,Il n’en reste que 2 #151-5606-0,Liquidation◊Mieux notés,62.36,"112,93","299,99"
51,"Kincardine, ON","Lumières de Noël d'extérieur NOMA C6 à DEL, 100 ampoules, blanc chaud, 33 pi 8 po","Lumières de Noël d'extérieur NOMA C6 à DEL, 100 ampoules, blanc chaud, 33 pi 8 po",19.93,"19,93 $",39.99,"Était±  39,99 $prix était 39,99 $",19.93,"19,93 $",19.93,"19,93 $",true,https://www.canadiantire.ca/fr/pdp/lumieres-de-noel-d-exterieur-noma-c6-a-del-100-ampoules-blanc-chaud-33-pi-8-po-2511019p.html,https://www.canadiantire.ca/fr/pdp/lumieres-de-noel-d-exterieur-noma-c6-a-del-100-ampoules-blanc-chaud-33-pi-8-po-2511019p.html,https://media-www.canadiantire.ca/product/seasonal-gardening/seasonal/christmas-lights-outdoor-decor/1513877/noma-outdoor-100-c6-led-lights-warm-white-f702b823-89f6-42e5-9ba9-d6d0a0dd1a25-jpgrendition.jpg?im=whresize&wid=200&hei=200,https://media-www.canadiantire.ca/product/seasonal-gardening/seasonal/christmas-lights-outdoor-decor/1513877/noma-outdoor-100-c6-led-lights-warm-white-f702b823-89f6-42e5-9ba9-d6d0a0dd1a25-jpgrendition.jpg?im=whresize&wid=200&hei=200,,2511019,251-1019-4,20 En Stock#251-1019-4,Liquidation◊Exclusivité,50.16,"19,93","39,99"
51,"Kincardine, ON","Sac de couchage pour temps froid Coleman Flatlands, 10 °C, bleu","Sac de couchage pour temps froid Coleman Flatlands, 10 °C, bleu",49.93,"49,93 $",99.99,"Était±  99,99 $prix était 99,99 $",49.93,"49,93 $",49.93,"49,93 $",true,https://www.canadiantire.ca/fr/pdp/sac-de-couchage-pour-temps-froid-coleman-flatlands-10-c-bleu-0766638p.html,https://www.canadiantire.ca/fr/pdp/sac-de-couchage-pour-temps-froid-coleman-flatlands-10-c-bleu-0766638p.html,https://media-www.canadiantire.ca/product/playing/camping/camping-furniture/0766638/coleman-flatlands-10c-sleeping-bag-435a51aa-91c0-47a6-9e7f-a5a0f796dfe0-jpgrendition.jpg?im=whresize&wid=200&hei=200,https://media-www.canadiantire.ca/product/playing/camping/camping-furniture/0766638/coleman-flatlands-10c-sleeping-bag-435a51aa-91c0-47a6-9e7f-a5a0f796dfe0-jpgrendition.jpg?im=whresize&wid=200&hei=200,,0766638,076-6638-8,Il n’en reste que 2 #076-6638-8,Liquidation◊Mieux notés,50.07,"49,93","99,99"
51,"Kincardine, ON","Pot en bois galvanisé CANVAS, argent, 18 po","Pot en bois galvanisé CANVAS, argent, 18 po",24.93,"24,93 $",49.99,"Était±  49,99 $prix était 49,99 $",24.93,"24,93 $",24.93,"24,93 $",true,https://www.canadiantire.ca/fr/pdp/pot-en-bois-galvanise-canvas-argent-18-po-1519252p.html,https://www.canadiantire.ca/fr/pdp/pot-en-bois-galvanise-canvas-argent-18-po-1519252p.html,https://media-www.canadiantire.ca/product/seasonal-gardening/seasonal/seasonal-decor/1519252/galvanized-wooden-pot-with-metallic-trees-large-3a139628-0741-4ce7-8050-2feee980fad5-jpgrendition.jpg?im=whresize&wid=200&hei=200,https://media-www.canadiantire.ca/product/seasonal-gardening/seasonal/seasonal-decor/1519252/galvanized-wooden-pot-with-metallic-trees-large-3a139628-0741-4ce7-8050-2feee980fad5-jpgrendition.jpg?im=whresize&wid=200&hei=200,,1519252,151-9252-6,Il n’en reste que 1 #151-9252-6,Liquidation◊Exclusivité,50.13,"24,93","49,99"
51,"Kincardine, ON",Décorations de Noël couronne en métal avec gui CANVAS collection dorée,Décorations de Noël couronne en métal avec gui CANVAS collection dorée,13.93,"13,93 $",29.99,"Était±  29,99 $prix était 29,99 $",13.93,"13,93 $",13.93,"13,93 $",true,https://www.canadiantire.ca/fr/pdp/decorations-de-noel-couronne-en-metal-avec-gui-canvas-collection-doree-0515507p.html,https://www.canadiantire.ca/fr/pdp/decorations-de-noel-couronne-en-metal-avec-gui-canvas-collection-doree-0515507p.html,https://media-www.canadiantire.ca/product/seasonal-gardening/seasonal/christmas-indoor-decor/0515507/gold-metal-mistletoe-wall-wreath-1be29ac1-6b62-45f2-b11b-850602dc8a9b-jpgrendition.jpg?im=whresize&wid=200&hei=200,https://media-www.canadiantire.ca/product/seasonal-gardening/seasonal/christmas-indoor-decor/0515507/gold-metal-mistletoe-wall-wreath-1be29ac1-6b62-45f2-b11b-850602dc8a9b-jpgrendition.jpg?im=whresize&wid=200&hei=200,,0515507,051-5507-4,Il n’en reste que 6 #051-5507-4,Liquidation◊Mieux notés,53.55,"13,93","29,99"
51,"Kincardine, ON","Eucalyptus doré en plastique pour l'intérieur et l'extérieur CANVAS avec 300 lumières à DEL, blanc chaud, 4 pi 7 po","Eucalyptus doré en plastique pour l'intérieur et l'extérieur CANVAS avec 300 lumières à DEL, blanc chaud, 4 pi 7 po",39.93,"39,93 $",99.99,"Était±  99,99 $prix était 99,99 $",39.93,"39,93 $",39.93,"39,93 $",true,https://www.canadiantire.ca/fr/pdp/eucalyptus-dore-en-plastique-pour-l-interieur-et-l-exterieur-canvas-avec-300-lumieres-a-del-blanc-chaud-4-pi-7-po-2510138p.html,https://www.canadiantire.ca/fr/pdp/eucalyptus-dore-en-plastique-pour-l-interieur-et-l-exterieur-canvas-avec-300-lumieres-a-del-blanc-chaud-4-pi-7-po-2510138p.html,https://media-www.canadiantire.ca/product/seasonal-gardening/seasonal/christmas-lights-outdoor-decor/2510138/canvas-led-4-5-300-gldn-euclypts-tree-88f0a45e-d834-4240-aa79-f368bd352d73-jpgrendition.jpg?im=whresize&wid=200&hei=200,https://media-www.canadiantire.ca/product/seasonal-gardening/seasonal/christmas-lights-outdoor-decor/2510138/canvas-led-4-5-300-gldn-euclypts-tree-88f0a45e-d834-4240-aa79-f368bd352d73-jpgrendition.jpg?im=whresize&wid=200&hei=200,,2510138,251-0138-6,Il n’en reste que 7 #251-0138-6,Liquidation◊Exclusivité,60.07,"39,93","99,99"
51,"Kincardine, ON","Lumières à DEL C9 résistantes aux bris pour l'intérieur et l'extérieur personnalisées NOMA Advanced, blanc pur, paq. 25","Lumières à DEL C9 résistantes aux bris pour l'intérieur et l'extérieur personnalisées NOMA Advanced, blanc pur, paq. 25",14.93,"14,93 $",29.99,"Était±  29,99 $prix était 29,99 $",14.93,"14,93 $",14.93,"14,93 $",true,https://www.canadiantire.ca/fr/pdp/lumieres-a-del-c9-resistantes-aux-bris-pour-l-interieur-et-l-exterieur-personnalisees-noma-advanced-blanc-pur-paq-25-2510147p.html,https://www.canadiantire.ca/fr/pdp/lumieres-a-del-c9-resistantes-aux-bris-pour-l-interieur-et-l-exterieur-personnalisees-noma-advanced-blanc-pur-paq-25-2510147p.html,https://media-www.canadiantire.ca/product/seasonal-gardening/seasonal/christmas-lights-outdoor-decor/2510147/noma-adv-cust-repl-bulbs-c9-led-25-pure-white-5c021927-1797-4fa1-be0f-888406a17157-jpgrendition.jpg?im=whresize&wid=200&hei=200,https://media-www.canadiantire.ca/product/seasonal-gardening/seasonal/christmas-lights-outdoor-decor/2510147/noma-adv-cust-repl-bulbs-c9-led-25-pure-white-5c021927-1797-4fa1-be0f-888406a17157-jpgrendition.jpg?im=whresize&wid=200&hei=200,,2510147,251-0147-4,13 En Stock#251-0147-4,Liquidation◊Mieux notés,50.22,"14,93","29,99"
51,"Kincardine, ON","Fiches polarisées femelles pour l'intérieur et l'extérieur NOMA Advanced pour les décorations de Noël, paq. 10","Fiches polarisées femelles pour l'intérieur et l'extérieur NOMA Advanced pour les décorations de Noël, paq. 10",6.43,"6,43 $",12.99,"Était±  12,99 $prix était 12,99 $",6.43,"6,43 $",6.43,"6,43 $",true,https://www.canadiantire.ca/fr/pdp/fiches-polarisees-femelles-pour-l-interieur-et-l-exterieur-noma-advanced-pour-les-decorations-de-noel-paq-10-2510151p.html,https://www.canadiantire.ca/fr/pdp/fiches-polarisees-femelles-pour-l-interieur-et-l-exterieur-noma-advanced-pour-les-decorations-de-noel-paq-10-2510151p.html,https://media-www.canadiantire.ca/product/seasonal-gardening/seasonal/christmas-lights-outdoor-decor/2510151/noma-adv-cust-male-plugs-7ce147e5-70e8-45eb-817c-ba7c0038affc-jpgrendition.jpg?im=whresize&wid=200&hei=200,https://media-www.canadiantire.ca/product/seasonal-gardening/seasonal/christmas-lights-outdoor-decor/2510151/noma-adv-cust-male-plugs-7ce147e5-70e8-45eb-817c-ba7c0038affc-jpgrendition.jpg?im=whresize&wid=200&hei=200,,2510151,251-0151-2,,Liquidation◊Mieux notés,50.5,"6,43","12,99"
51,"Kincardine, ON","Caméra de recul de type S avec écran de 5 po, HD 720 p","Caméra de recul de type S avec écran de 5 po, HD 720 p",99.93,"99,93 $",259.99,"Était±  259,99 $prix était 259,99 $",99.93,"99,93 $",99.93,"99,93 $",true,https://www.canadiantire.ca/fr/pdp/camera-de-recul-de-type-s-avec-ecran-de-5-po-hd-720-p-0350727p.html,https://www.canadiantire.ca/fr/pdp/camera-de-recul-de-type-s-avec-ecran-de-5-po-hd-720-p-0350727p.html,https://media-www.canadiantire.ca/product/automotive/electronics/auto-electronics/0350727/type-s-hd-backup-camera-c3cac790-bf53-4b36-a9ba-7a0b92704249-jpgrendition.jpg?im=whresize&wid=200&hei=200,https://media-www.canadiantire.ca/product/automotive/electronics/auto-electronics/0350727/type-s-hd-backup-camera-c3cac790-bf53-4b36-a9ba-7a0b92704249-jpgrendition.jpg?im=whresize&wid=200&hei=200,,0350727,035-0727-0,Il n’en reste que 1 #035-0727-0,Liquidation◊,61.56,"99,93","259,99"
51,"Kincardine, ON",Bottillons isolés Outbound pour l'intérieur et l'extérieur,Bottillons isolés Outbound pour l'intérieur et l'extérieur,14.93,"14,93 $",34.99,"34,99 $Était   et+ prix était à partir de 34,99 $",14.93,"14,93 $",14.93,"14,93 $",true,https://www.canadiantire.ca/fr/pdp/bottillons-isoles-outbound-pour-l-interieur-et-l-exterieur-1873819p.html,https://www.canadiantire.ca/fr/pdp/bottillons-isoles-outbound-pour-l-interieur-et-l-exterieur-1873819p.html,https://media-www.canadiantire.ca/product/playing/footwear-apparel/winter-footwear-apparel/1873819/outbound-insulated-bootie-size-s-bae3f8b6-5168-4646-a33a-cc66a084233b-jpgrendition.jpg?im=whresize&wid=200&hei=200,https://media-www.canadiantire.ca/product/playing/footwear-apparel/winter-footwear-apparel/1873819/outbound-insulated-bootie-size-s-bae3f8b6-5168-4646-a33a-cc66a084233b-jpgrendition.jpg?im=whresize&wid=200&hei=200,,1873819,187-3819,,Liquidation◊Mieux notés,57.33,"14,93","34,99"
51,"Kincardine, ON","Parka/manteau de chasse imperméable coupe-vent Yukon Gear pour hommes, camouflage Realtree Max 5","Parka/manteau de chasse imperméable coupe-vent Yukon Gear pour hommes, camouflage Realtree Max 5",84.93,"84,93 $",189.99,"189,99 $Était   et+ prix était à partir de 189,99 $",84.93,"84,93 $",84.93,"84,93 $",true,https://www.canadiantire.ca/fr/pdp/parka-manteau-de-chasse-impermeable-coupe-vent-yukon-gear-pour-hommes-camouflage-realtree-max-5-1758576p.html,https://www.canadiantire.ca/fr/pdp/parka-manteau-de-chasse-impermeable-coupe-vent-yukon-gear-pour-hommes-camouflage-realtree-max-5-1758576p.html,https://media-www.canadiantire.ca/product/playing/hunting/hunting-apparel-footwear/1758576/yukon-gear-realtree-max-5-tech-parka-m-aa6df51d-2538-4088-b65c-8eea66e8b366-jpgrendition.jpg?im=whresize&wid=200&hei=200,https://media-www.canadiantire.ca/product/playing/hunting/hunting-apparel-footwear/1758576/yukon-gear-realtree-max-5-tech-parka-m-aa6df51d-2538-4088-b65c-8eea66e8b366-jpgrendition.jpg?im=whresize&wid=200&hei=200,,1758576,175-8576,,Liquidation◊Mieux notés,55.3,"84,93","189,99"
51,"Kincardine, ON","Bulbes de tulipes simples tardives Bulbs Are Easy, variés","Bulbes de tulipes simples tardives Bulbs Are Easy, variés",9.99,"9,99 $",19.99,"Était±  19,99 $prix était 19,99 $",9.99,"9,99 $",9.99,"9,99 $",true,https://www.canadiantire.ca/fr/pdp/bulbes-de-tulipes-simples-tardives-bulbs-are-easy-varies-1592324p.html,https://www.canadiantire.ca/fr/pdp/bulbes-de-tulipes-simples-tardives-bulbs-are-easy-varies-1592324p.html,https://media-www.canadiantire.ca/product/seasonal-gardening/gardening/dormant-goods/1592324/tulip-single-late-assorted-bulb-5ce27cc2-1744-4748-bfec-d20039c42159-jpgrendition.jpg?im=whresize&wid=200&hei=200,https://media-www.canadiantire.ca/product/seasonal-gardening/gardening/dormant-goods/1592324/tulip-single-late-assorted-bulb-5ce27cc2-1744-4748-bfec-d20039c42159-jpgrendition.jpg?im=whresize&wid=200&hei=200,,1592324,159-2324-2,,Liquidation◊Mieux notés,50.03,"9,99","19,99"
51,"Kincardine, ON","Veste de travail à coquille souple haute visibilité résistante au vent Terra avec ruban réfléchissant, hommes, orange","Veste de travail à coquille souple haute visibilité résistante au vent Terra avec ruban réfléchissant, hommes, orange",52.93,"52,93 $",149.99,"149,99 $Était   et+ prix était à partir de 149,99 $",52.93,"52,93 $",52.93,"52,93 $",true,https://www.canadiantire.ca/fr/pdp/veste-de-travail-a-coquille-souple-haute-visibilite-resistante-au-vent-terra-avec-ruban-reflechissant-hommes-orange-1872723p.html,https://www.canadiantire.ca/fr/pdp/veste-de-travail-a-coquille-souple-haute-visibilite-resistante-au-vent-terra-avec-ruban-reflechissant-hommes-orange-1872723p.html,https://media-www.canadiantire.ca/product/playing/footwear-apparel/work-footwear-apparel/1872723/terra-hi-vis-softshell-jacket-orange-medium-157245a6-f5a4-4945-a806-db74374b7115-jpgrendition.jpg?im=whresize&wid=200&hei=200,https://media-www.canadiantire.ca/product/playing/footwear-apparel/work-footwear-apparel/1872723/terra-hi-vis-softshell-jacket-orange-medium-157245a6-f5a4-4945-a806-db74374b7115-jpgrendition.jpg?im=whresize&wid=200&hei=200,,1872723,187-2723,,Liquidation◊Mieux notés,64.71,"52,93","149,99"
51,"Kincardine, ON","Boule de Noël étoilée scintillante de la collection argentée de CANVAS, 3,5 po","Boule de Noël étoilée scintillante de la collection argentée de CANVAS, 3,5 po",0.93,"0,93 $",1.99,"Était±  1,99 $prix était 1,99 $",0.93,"0,93 $",0.93,"0,93 $",true,https://www.canadiantire.ca/fr/pdp/boule-de-noel-etoilee-scintillante-de-la-collection-argentee-de-canvas-3-5-po-0515409p.html,https://www.canadiantire.ca/fr/pdp/boule-de-noel-etoilee-scintillante-de-la-collection-argentee-de-canvas-3-5-po-0515409p.html,https://media-www.canadiantire.ca/product/seasonal-gardening/seasonal/christmas-indoor-decor/0515409/silver-glitter-star-ball-500b1281-2200-46d3-9d8c-28dcd6c841e9-jpgrendition.jpg?im=whresize&wid=200&hei=200,https://media-www.canadiantire.ca/product/seasonal-gardening/seasonal/christmas-indoor-decor/0515409/silver-glitter-star-ball-500b1281-2200-46d3-9d8c-28dcd6c841e9-jpgrendition.jpg?im=whresize&wid=200&hei=200,,0515409,051-5409-8,24 En Stock#051-5409-8,Liquidation◊Mieux notés,53.27,"0,93","1,99"
51,"Kincardine, ON","Service de vaisselle en grès CANVAS Collection Jardin d'hiver, paq. 12","Service de vaisselle en grès CANVAS Collection Jardin d'hiver, paq. 12",49.93,"49,93 $",99.99,"Était±  99,99 $prix était 99,99 $",49.93,"49,93 $",49.93,"49,93 $",true,https://www.canadiantire.ca/fr/pdp/service-de-vaisselle-en-gres-canvas-collection-jardin-d-hiver-paq-12-0515544p.html,https://www.canadiantire.ca/fr/pdp/service-de-vaisselle-en-gres-canvas-collection-jardin-d-hiver-paq-12-0515544p.html,https://media-www.canadiantire.ca/product/seasonal-gardening/seasonal/christmas-indoor-decor/0515544/nbc-12pc-stoneware-dinnerware-ffe639d8-0373-4c24-9c5c-3b4366fc9b65-jpgrendition.jpg?im=whresize&wid=200&hei=200,https://media-www.canadiantire.ca/product/seasonal-gardening/seasonal/christmas-indoor-decor/0515544/nbc-12pc-stoneware-dinnerware-ffe639d8-0373-4c24-9c5c-3b4366fc9b65-jpgrendition.jpg?im=whresize&wid=200&hei=200,,0515544,051-5544-4,Il n’en reste que 4 #051-5544-4,Liquidation◊Exclusivité,50.07,"49,93","99,99"
51,"Kincardine, ON","Radio-réveil AM/FM numérique SkyTime, à double alarme, noir","Radio-réveil AM/FM numérique SkyTime, à double alarme, noir",13.93,"13,93 $",29.99,"Était±  29,99 $prix était 29,99 $",13.93,"13,93 $",13.93,"13,93 $",true,https://www.canadiantire.ca/fr/pdp/radio-reveil-am-fm-numerique-skytime-a-double-alarme-noir-0441287p.html,https://www.canadiantire.ca/fr/pdp/radio-reveil-am-fm-numerique-skytime-a-double-alarme-noir-0441287p.html,https://media-www.canadiantire.ca/product/living/electronics/home-communications/0441287/sky-time-dual-alarm-clock-radio-8d1c990d-405f-4828-8c82-264c1a9c63fe-jpgrendition.jpg?im=whresize&wid=200&hei=200,https://media-www.canadiantire.ca/product/living/electronics/home-communications/0441287/sky-time-dual-alarm-clock-radio-8d1c990d-405f-4828-8c82-264c1a9c63fe-jpgrendition.jpg?im=whresize&wid=200&hei=200,,0441287,044-1287-8,Il n’en reste que 1 #044-1287-8,Liquidation◊,53.55,"13,93","29,99"
51,"Kincardine, ON","Imperméable pour chien Petco, jaune","Imperméable pour chien Petco, jaune",12.93,"12,93 $",25.99,"25,99 $Était   et+ prix était à partir de 25,99 $",12.93,"12,93 $",12.93,"12,93 $",true,https://www.canadiantire.ca/fr/pdp/impermeable-pour-chien-petco-jaune-1427465p.html,https://www.canadiantire.ca/fr/pdp/impermeable-pour-chien-petco-jaune-1427465p.html,https://media-www.canadiantire.ca/product/living/pet-care/pet-accessories/1427400/petco-yellow-dog-raincoat-x-small-265d05c9-a301-476b-8d3c-839fa7d7f76f-jpgrendition.jpg?im=whresize&wid=200&hei=200,https://media-www.canadiantire.ca/product/living/pet-care/pet-accessories/1427400/petco-yellow-dog-raincoat-x-small-265d05c9-a301-476b-8d3c-839fa7d7f76f-jpgrendition.jpg?im=whresize&wid=200&hei=200,,1427465,142-7400,,Liquidation◊Mieux notés,50.25,"12,93","25,99"
51,"Kincardine, ON",Bulbe de nivéole d'été Bulbs Are Easy,Bulbe de nivéole d'été Bulbs Are Easy,4.49,"4,49 $",8.99,"Était±  8,99 $prix était 8,99 $",4.49,"4,49 $",4.49,"4,49 $",true,https://www.canadiantire.ca/fr/pdp/bulbe-de-niveole-d-ete-bulbs-are-easy-0596242p.html,https://www.canadiantire.ca/fr/pdp/bulbe-de-niveole-d-ete-bulbs-are-easy-0596242p.html,https://media-www.canadiantire.ca/product/seasonal-gardening/gardening/dormant-goods/0596242/leucojum-aestivum-bulb-c581a81b-0646-4e11-9985-0321e1695450-jpgrendition.jpg?im=whresize&wid=200&hei=200,https://media-www.canadiantire.ca/product/seasonal-gardening/gardening/dormant-goods/0596242/leucojum-aestivum-bulb-c581a81b-0646-4e11-9985-0321e1695450-jpgrendition.jpg?im=whresize&wid=200&hei=200,,0596242,059-6242-0,,Liquidation◊Exclusivité,50.06,"4,49","8,99"
51,"Kincardine, ON","Parka d'hiver à capuchon isotherme chaude hydrofuge Woods Kang pour hommes, noir","Parka d'hiver à capuchon isotherme chaude hydrofuge Woods Kang pour hommes, noir",49.93,"49,93 $",199.99,"199,99 $Était   et+ prix était à partir de 199,99 $",49.93,"49,93 $",49.93,"49,93 $",true,https://www.canadiantire.ca/fr/pdp/parka-d-hiver-a-capuchon-isotherme-chaude-hydrofuge-woods-kang-pour-hommes-noir-1871876p.html,https://www.canadiantire.ca/fr/pdp/parka-d-hiver-a-capuchon-isotherme-chaude-hydrofuge-woods-kang-pour-hommes-noir-1871876p.html,https://media-www.canadiantire.ca/product/playing/footwear-apparel/winter-footwear-apparel/1871879/woods-men-s-kang-parka-black-xl-b5a5240e-85e9-4a29-8f81-1d8ded0cae5c-jpgrendition.jpg?im=whresize&wid=200&hei=200,https://media-www.canadiantire.ca/product/playing/footwear-apparel/winter-footwear-apparel/1871879/woods-men-s-kang-parka-black-xl-b5a5240e-85e9-4a29-8f81-1d8ded0cae5c-jpgrendition.jpg?im=whresize&wid=200&hei=200,,1871876,187-1876,,Liquidation◊Mieux notés,75.03,"49,93","199,99"
51,"Kincardine, ON","Fauteuil d'extérieur en plastique Big Easy Adirondack avec porte-gobelet, noir","Fauteuil d'extérieur en plastique Big Easy Adirondack avec porte-gobelet, noir",23.49,"23,49 $",76.99,"Était±  76,99 $prix était 76,99 $",23.49,"23,49 $",23.49,"23,49 $",true,https://www.canadiantire.ca/fr/pdp/fauteuil-d-exterieur-en-plastique-big-easy-adirondack-avec-porte-gobelet-noir-0882005p.html,https://www.canadiantire.ca/fr/pdp/fauteuil-d-exterieur-en-plastique-big-easy-adirondack-avec-porte-gobelet-noir-0882005p.html,https://media-www.canadiantire.ca/product/seasonal-gardening/backyard-living/outdoor-furniture/0882005/adirondack-chair-black-94b5ab68-c967-4864-bbf4-7d2bc3771260-jpgrendition.jpg?im=whresize&wid=200&hei=200,https://media-www.canadiantire.ca/product/seasonal-gardening/backyard-living/outdoor-furniture/0882005/adirondack-chair-black-94b5ab68-c967-4864-bbf4-7d2bc3771260-jpgrendition.jpg?im=whresize&wid=200&hei=200,,0882005,088-2005-0,,Liquidation◊Mieux notés,69.49,"23,49","76,99"
51,"Kincardine, ON","NOMA Mariposa - Sapin de Noël illuminé avec guirlande, 200 ampoules à DEL, multicolore, 6,5 pi","NOMA Mariposa - Sapin de Noël illuminé avec guirlande, 200 ampoules à DEL, multicolore, 6,5 pi",89.93,"89,93 $",199.99,"Était±  199,99 $prix était 199,99 $",89.93,"89,93 $",89.93,"89,93 $",true,https://www.canadiantire.ca/fr/pdp/noma-mariposa-sapin-de-noel-illumine-avec-guirlande-200-ampoules-a-del-multicolore-6-5-pi-1518403p.html,https://www.canadiantire.ca/fr/pdp/noma-mariposa-sapin-de-noel-illumine-avec-guirlande-200-ampoules-a-del-multicolore-6-5-pi-1518403p.html,https://media-www.canadiantire.ca/product/seasonal-gardening/seasonal/christmas-trees/1518403/noma-6-5-colour-changing-mariposa-tree-with-9-c-c-garland-c59c42ee-1421-4d34-bc9d-aefdef9c165f-jpgrendition.jpg?im=whresize&wid=200&hei=200,https://media-www.canadiantire.ca/product/seasonal-gardening/seasonal/christmas-trees/1518403/noma-6-5-colour-changing-mariposa-tree-with-9-c-c-garland-c59c42ee-1421-4d34-bc9d-aefdef9c165f-jpgrendition.jpg?im=whresize&wid=200&hei=200,,1518403,151-8403-4,Il n’en reste que 1 #151-8403-4,Liquidation◊Exclusivité,55.03,"89,93","199,99"
51,"Kincardine, ON","Sonnette avec caméra vidéo Wi-Fi Arlo, noir","Sonnette avec caméra vidéo Wi-Fi Arlo, noir",69.93,"69,93 $",199.99,"Était±  199,99 $prix était 199,99 $",69.93,"69,93 $",69.93,"69,93 $",true,https://www.canadiantire.ca/fr/pdp/sonnette-avec-camera-video-wi-fi-arlo-noir-0463297p.html,https://www.canadiantire.ca/fr/pdp/sonnette-avec-camera-video-wi-fi-arlo-noir-0463297p.html,https://media-www.canadiantire.ca/product/fixing/hardware/home-safety/0463297/arlo-wi-fi-video-doorbell-d2a3ca31-3e68-4bbf-9f97-c4260407affc-jpgrendition.jpg?im=whresize&wid=200&hei=200,https://media-www.canadiantire.ca/product/fixing/hardware/home-safety/0463297/arlo-wi-fi-video-doorbell-d2a3ca31-3e68-4bbf-9f97-c4260407affc-jpgrendition.jpg?im=whresize&wid=200&hei=200,,0463297,046-3297-8,Il n’en reste que 1 #046-3297-8,Liquidation◊Mieux notés,65.03,"69,93","199,99"
51,"Kincardine, ON","Décoration d'entrée de Noël Skye de la Pat'Patrouille, 19,5 po","Décoration d'entrée de Noël Skye de la Pat'Patrouille, 19,5 po",19.93,"19,93 $",39.99,"Était±  39,99 $prix était 39,99 $",19.93,"19,93 $",19.93,"19,93 $",true,https://www.canadiantire.ca/fr/pdp/decoration-d-entree-de-noel-skye-de-la-pat-patrouille-19-5-po-0514889p.html,https://www.canadiantire.ca/fr/pdp/decoration-d-entree-de-noel-skye-de-la-pat-patrouille-19-5-po-0514889p.html,https://media-www.canadiantire.ca/product/seasonal-gardening/seasonal/christmas-indoor-decor/0514889/porch-greeter-paw-patrol-skye-beabc5c2-a084-4e29-a046-b749a20059b1-jpgrendition.jpg?im=whresize&wid=200&hei=200,https://media-www.canadiantire.ca/product/seasonal-gardening/seasonal/christmas-indoor-decor/0514889/porch-greeter-paw-patrol-skye-beabc5c2-a084-4e29-a046-b749a20059b1-jpgrendition.jpg?im=whresize&wid=200&hei=200,,0514889,051-4889-0,Il n’en reste que 4 #051-4889-0,Liquidation◊,50.16,"19,93","39,99"
51,"Kincardine, ON",Gants de conduite d'hiver tout-aller en cuir souple chauds pour temps froid doublure isotherme Hot Paws pour hommes,Gants de conduite d'hiver tout-aller en cuir souple chauds pour temps froid doublure isotherme Hot Paws pour hommes,18.93,"18,93 $",37.99,"37,99 $Était   et+ prix était à partir de 37,99 $",18.93,"18,93 $",18.93,"18,93 $",true,https://www.canadiantire.ca/fr/pdp/gants-de-conduite-d-hiver-tout-aller-en-cuir-souple-chauds-pour-temps-froid-doublure-isotherme-hot-paws-pour-hommes-0872823p.html,https://www.canadiantire.ca/fr/pdp/gants-de-conduite-d-hiver-tout-aller-en-cuir-souple-chauds-pour-temps-froid-doublure-isotherme-hot-paws-pour-hommes-0872823p.html,https://media-www.canadiantire.ca/product/playing/footwear-apparel/winter-footwear-apparel/0872823/leather-gloves-men-s-medium-fdd025c7-0608-4d44-944e-fbd538c96ddc-jpgrendition.jpg?im=whresize&wid=200&hei=200,https://media-www.canadiantire.ca/product/playing/footwear-apparel/winter-footwear-apparel/0872823/leather-gloves-men-s-medium-fdd025c7-0608-4d44-944e-fbd538c96ddc-jpgrendition.jpg?im=whresize&wid=200&hei=200,,0872823,087-2823,,Liquidation◊Exclusivité,50.17,"18,93","37,99"
51,"Kincardine, ON",Tige de verdure champagne CANVAS,Tige de verdure champagne CANVAS,0.93,"0,93 $",2.49,"Était±  2,49 $prix était 2,49 $",0.93,"0,93 $",0.93,"0,93 $",true,https://www.canadiantire.ca/fr/pdp/tige-de-verdure-champagne-canvas-0514816p.html,https://www.canadiantire.ca/fr/pdp/tige-de-verdure-champagne-canvas-0514816p.html,https://media-www.canadiantire.ca/product/seasonal-gardening/seasonal/christmas-indoor-decor/0514816/pick-champagne-greenery-stem-d0c31e7f-e625-4c5f-afb9-cb2800381c0b-jpgrendition.jpg?im=whresize&wid=200&hei=200,https://media-www.canadiantire.ca/product/seasonal-gardening/seasonal/christmas-indoor-decor/0514816/pick-champagne-greenery-stem-d0c31e7f-e625-4c5f-afb9-cb2800381c0b-jpgrendition.jpg?im=whresize&wid=200&hei=200,,0514816,051-4816-4,,Liquidation◊Mieux notés,62.65,"0,93","2,49"
51,"Kincardine, ON",Bulbe de Fritillaria Impeialis Rubra Maxima Bulbs Are Easy,Bulbe de Fritillaria Impeialis Rubra Maxima Bulbs Are Easy,5.99,"5,99 $",11.99,"Était±  11,99 $prix était 11,99 $",5.99,"5,99 $",5.99,"5,99 $",true,https://www.canadiantire.ca/fr/pdp/bulbe-de-fritillaria-impeialis-rubra-maxima-bulbs-are-easy-0596214p.html,https://www.canadiantire.ca/fr/pdp/bulbe-de-fritillaria-impeialis-rubra-maxima-bulbs-are-easy-0596214p.html,https://media-www.canadiantire.ca/product/seasonal-gardening/gardening/dormant-goods/0596214/fritillaria-imperialis-rubra-maxima-bulb-37f630a7-6204-40eb-94ef-6abfb6e99db3-jpgrendition.jpg?im=whresize&wid=200&hei=200,https://media-www.canadiantire.ca/product/seasonal-gardening/gardening/dormant-goods/0596214/fritillaria-imperialis-rubra-maxima-bulb-37f630a7-6204-40eb-94ef-6abfb6e99db3-jpgrendition.jpg?im=whresize&wid=200&hei=200,,0596214,059-6214-8,,Liquidation◊Exclusivité,50.04,"5,99","11,99"
51,"Kincardine, ON","No Ladder Pro - Attaches de fixation rapides pour guirlande de Noël, 50 pcs","No Ladder Pro - Attaches de fixation rapides pour guirlande de Noël, 50 pcs",6.23,"6,23 $",15.99,"Était±  15,99 $prix était 15,99 $",6.23,"6,23 $",6.23,"6,23 $",true,https://www.canadiantire.ca/fr/pdp/no-ladder-pro-attaches-de-fixation-rapides-pour-guirlande-de-noel-50-pcs-2510002p.html,https://www.canadiantire.ca/fr/pdp/no-ladder-pro-attaches-de-fixation-rapides-pour-guirlande-de-noel-50-pcs-2510002p.html,https://media-www.canadiantire.ca/product/seasonal-gardening/seasonal/christmas-lights-outdoor-decor/2510002/pro-max-quick-release-50-clips-66ea9000-7136-4f2c-8fd6-57f917cb9c6c-jpgrendition.jpg?im=whresize&wid=200&hei=200,https://media-www.canadiantire.ca/product/seasonal-gardening/seasonal/christmas-lights-outdoor-decor/2510002/pro-max-quick-release-50-clips-66ea9000-7136-4f2c-8fd6-57f917cb9c6c-jpgrendition.jpg?im=whresize&wid=200&hei=200,,2510002,251-0002-8,23 En Stock#251-0002-8,Liquidation◊,61.04,"6,23","15,99"
51,"Kincardine, ON","Tournevis Mastercraft, paq. 60","Tournevis Mastercraft, paq. 60",19.93,"19,93 $",49.99,"Était±  49,99 $prix était 49,99 $",19.93,"19,93 $",19.93,"19,93 $",true,https://www.canadiantire.ca/fr/pdp/tournevis-mastercraft-paq-60-0573663p.html,https://www.canadiantire.ca/fr/pdp/tournevis-mastercraft-paq-60-0573663p.html,https://media-www.canadiantire.ca/product/fixing/tools/manual-fastening/0573663/mastercraft-60pc-screwdriver-set-8d4d972f-e1e2-466c-8b34-7a66ddf52d8d-jpgrendition.jpg?im=whresize&wid=200&hei=200,https://media-www.canadiantire.ca/product/fixing/tools/manual-fastening/0573663/mastercraft-60pc-screwdriver-set-8d4d972f-e1e2-466c-8b34-7a66ddf52d8d-jpgrendition.jpg?im=whresize&wid=200&hei=200,,0573663,057-3663-0,Il n’en reste que 2 #057-3663-0,Liquidation◊Mieux notés,60.13,"19,93","49,99"
51,"Kincardine, ON","Moule à gâteau voûté à bord étroit PADERNO, antiadhésif","Moule à gâteau voûté à bord étroit PADERNO, antiadhésif",29.93,"29,93 $",62.99,"Était±  62,99 $prix était 62,99 $",29.93,"29,93 $",29.93,"29,93 $",true,https://www.canadiantire.ca/fr/pdp/moule-a-gateau-voute-a-bord-etroit-paderno-antiadhesif-1424995p.html,https://www.canadiantire.ca/fr/pdp/moule-a-gateau-voute-a-bord-etroit-paderno-antiadhesif-1424995p.html,https://media-www.canadiantire.ca/product/living/kitchen/bakeware-baking-prep/1424995/paderno-fine-edge-arched-cake-pan-b4279cec-37a2-45cf-807b-28bf98b98e01-jpgrendition.jpg?im=whresize&wid=200&hei=200,https://media-www.canadiantire.ca/product/living/kitchen/bakeware-baking-prep/1424995/paderno-fine-edge-arched-cake-pan-b4279cec-37a2-45cf-807b-28bf98b98e01-jpgrendition.jpg?im=whresize&wid=200&hei=200,,1424995,142-4995-0,Il n’en reste que 1 #142-4995-0,Liquidation◊Mieux notés,52.48,"29,93","62,99"
51,"Kincardine, ON","Décoration d'entrée de Noël Chase de la Pat'Patrouille, 21 po","Décoration d'entrée de Noël Chase de la Pat'Patrouille, 21 po",19.93,"19,93 $",39.99,"Était±  39,99 $prix était 39,99 $",19.93,"19,93 $",19.93,"19,93 $",true,https://www.canadiantire.ca/fr/pdp/decoration-d-entree-de-noel-chase-de-la-pat-patrouille-21-po-0514887p.html,https://www.canadiantire.ca/fr/pdp/decoration-d-entree-de-noel-chase-de-la-pat-patrouille-21-po-0514887p.html,https://media-www.canadiantire.ca/product/seasonal-gardening/seasonal/christmas-indoor-decor/0514887/porch-greeter-paw-patrol-chase-fb659e23-928c-4250-9302-6e56cf00ab32-jpgrendition.jpg?im=whresize&wid=200&hei=200,https://media-www.canadiantire.ca/product/seasonal-gardening/seasonal/christmas-indoor-decor/0514887/porch-greeter-paw-patrol-chase-fb659e23-928c-4250-9302-6e56cf00ab32-jpgrendition.jpg?im=whresize&wid=200&hei=200,,0514887,051-4887-4,Il n’en reste que 6 #051-4887-4,Liquidation◊,50.16,"19,93","39,99"
51,"Kincardine, ON","Bulbes d'ail d'automne Purple Glazer de Bulbs Are Easy, prêts à planter dans votre potager","Bulbes d'ail d'automne Purple Glazer de Bulbs Are Easy, prêts à planter dans votre potager",0.99,"0,99 $",6.99,"Était±  6,99 $prix était 6,99 $",0.99,"0,99 $",0.99,"0,99 $",true,https://www.canadiantire.ca/fr/pdp/bulbes-d-ail-d-automne-purple-glazer-de-bulbs-are-easy-prets-a-planter-dans-votre-potager-1591246p.html,https://www.canadiantire.ca/fr/pdp/bulbes-d-ail-d-automne-purple-glazer-de-bulbs-are-easy-prets-a-planter-dans-votre-potager-1591246p.html,https://media-www.canadiantire.ca/product/seasonal-gardening/gardening/dormant-goods/1591246/fall-garlic-purple-0d46f88f-e959-49b7-8bc0-ab62ef353fe2-jpgrendition.jpg?im=whresize&wid=200&hei=200,https://media-www.canadiantire.ca/product/seasonal-gardening/gardening/dormant-goods/1591246/fall-garlic-purple-0d46f88f-e959-49b7-8bc0-ab62ef353fe2-jpgrendition.jpg?im=whresize&wid=200&hei=200,,1591246,159-1246-4,,Liquidation◊Exclusivité,85.84,"0,99","6,99"
51,"Kincardine, ON","Chargeur mural USB-C Bluehive, 35 W","Chargeur mural USB-C Bluehive, 35 W",15.93,"15,93 $",32.99,"Était±  32,99 $prix était 32,99 $",15.93,"15,93 $",15.93,"15,93 $",true,https://www.canadiantire.ca/fr/pdp/chargeur-mural-usb-c-bluehive-35-w-0357423p.html,https://www.canadiantire.ca/fr/pdp/chargeur-mural-usb-c-bluehive-35-w-0357423p.html,https://media-www.canadiantire.ca/product/automotive/electronics/mobile-electronics/0357423/bluehive-35w-usbc-wall-charger-37e067cc-aa82-4934-80d0-b36941234897-jpgrendition.jpg?im=whresize&wid=200&hei=200,https://media-www.canadiantire.ca/product/automotive/electronics/mobile-electronics/0357423/bluehive-35w-usbc-wall-charger-37e067cc-aa82-4934-80d0-b36941234897-jpgrendition.jpg?im=whresize&wid=200&hei=200,,0357423,035-7423-0,,Liquidation◊Exclusivité,51.71,"15,93","32,99"
51,"Kincardine, ON","Embouts pour vissage à percussion CA2 MAXIMUM, boîte de Tic-Tac, 1 po, paq. 16","Embouts pour vissage à percussion CA2 MAXIMUM, boîte de Tic-Tac, 1 po, paq. 16",7.93,"7,93 $",18.99,"Était±  18,99 $prix était 18,99 $",7.93,"7,93 $",7.93,"7,93 $",true,https://www.canadiantire.ca/fr/pdp/embouts-pour-vissage-a-percussion-ca2-maximum-boite-de-tic-tac-1-po-paq-16-0540521p.html,https://www.canadiantire.ca/fr/pdp/embouts-pour-vissage-a-percussion-ca2-maximum-boite-de-tic-tac-1-po-paq-16-0540521p.html,https://media-www.canadiantire.ca/product/fixing/tools/power-tool-accessories/0540521/maximum-1-sq2-impact-ready-tic-tac-with-holder-16pk-1aaa6f12-d6f1-4f2a-9d1e-e38b030cf3e0-jpgrendition.jpg?im=whresize&wid=200&hei=200,https://media-www.canadiantire.ca/product/fixing/tools/power-tool-accessories/0540521/maximum-1-sq2-impact-ready-tic-tac-with-holder-16pk-1aaa6f12-d6f1-4f2a-9d1e-e38b030cf3e0-jpgrendition.jpg?im=whresize&wid=200&hei=200,,0540521,054-0521-2,Il n’en reste que 1 #054-0521-2,Liquidation◊Mieux notés,58.24,"7,93","18,99"
51,"Kincardine, ON","Décoration d'entrée de Noël Marshall de la Pat'Patrouille, 18,5 po","Décoration d'entrée de Noël Marshall de la Pat'Patrouille, 18,5 po",19.93,"19,93 $",39.99,"Était±  39,99 $prix était 39,99 $",19.93,"19,93 $",19.93,"19,93 $",true,https://www.canadiantire.ca/fr/pdp/decoration-d-entree-de-noel-marshall-de-la-pat-patrouille-18-5-po-0514888p.html,https://www.canadiantire.ca/fr/pdp/decoration-d-entree-de-noel-marshall-de-la-pat-patrouille-18-5-po-0514888p.html,https://media-www.canadiantire.ca/product/seasonal-gardening/seasonal/christmas-indoor-decor/0514888/porch-greeter-paw-patrol-marshall-a68103df-10e9-4e5d-993b-faa52f50aaf6-jpgrendition.jpg?im=whresize&wid=200&hei=200,https://media-www.canadiantire.ca/product/seasonal-gardening/seasonal/christmas-indoor-decor/0514888/porch-greeter-paw-patrol-marshall-a68103df-10e9-4e5d-993b-faa52f50aaf6-jpgrendition.jpg?im=whresize&wid=200&hei=200,,0514888,051-4888-2,22 En Stock#051-4888-2,Liquidation◊,50.16,"19,93","39,99"
51,"Kincardine, ON","Plaque à pizza The Rock Wave, 14 po","Plaque à pizza The Rock Wave, 14 po",9.93,"9,93 $",21.99,"Était±  21,99 $prix était 21,99 $",9.93,"9,93 $",9.93,"9,93 $",true,https://www.canadiantire.ca/fr/pdp/plaque-a-pizza-the-rock-wave-14-po-1426898p.html,https://www.canadiantire.ca/fr/pdp/plaque-a-pizza-the-rock-wave-14-po-1426898p.html,https://media-www.canadiantire.ca/product/living/kitchen/bakeware-baking-prep/1426898/rock-wave-14-pizza-pan-e47000ef-e035-467c-9c17-3d3d992152dc-jpgrendition.jpg?im=whresize&wid=200&hei=200,https://media-www.canadiantire.ca/product/living/kitchen/bakeware-baking-prep/1426898/rock-wave-14-pizza-pan-e47000ef-e035-467c-9c17-3d3d992152dc-jpgrendition.jpg?im=whresize&wid=200&hei=200,,1426898,142-6898-0,,Liquidation◊Mieux notés,54.84,"9,93","21,99"
51,"Kincardine, ON","Vélo électrique tout-terrain Raleigh Getaway 36 V, 700C roues, bleu","Vélo électrique tout-terrain Raleigh Getaway 36 V, 700C roues, bleu",1399.93,"1 399,93 $",2799.99,"Était±  2 799,99 $prix était 2 799,99 $",1399.93,"1 399,93 $",1399.93,"1 399,93 $",true,https://www.canadiantire.ca/fr/pdp/velo-electrique-tout-terrain-raleigh-getaway-36-v-700c-roues-bleu-0711932p.html,https://www.canadiantire.ca/fr/pdp/velo-electrique-tout-terrain-raleigh-getaway-36-v-700c-roues-bleu-0711932p.html,https://media-www.canadiantire.ca/product/playing/cycling/bicycles/0711932/raleigh-getaway-women-s-electric-bike-700c-8dc09e7f-a9b4-4e61-aa08-2b9e38d895c6-jpgrendition.jpg?im=whresize&wid=200&hei=200,https://media-www.canadiantire.ca/product/playing/cycling/bicycles/0711932/raleigh-getaway-women-s-electric-bike-700c-8dc09e7f-a9b4-4e61-aa08-2b9e38d895c6-jpgrendition.jpg?im=whresize&wid=200&hei=200,,0711932,071-1932-6,Il n’en reste que 1 #071-1932-6,Liquidation◊Mieux notés,50,"1399,93","2799,99"
51,"Kincardine, ON","Tapis d'auto MotoMaster, toute saison, noir et rouge, paq. 4","Tapis d'auto MotoMaster, toute saison, noir et rouge, paq. 4",24.93,"24,93 $",49.99,"Était±  49,99 $prix était 49,99 $",24.93,"24,93 $",24.93,"24,93 $",true,https://www.canadiantire.ca/fr/pdp/tapis-d-auto-motomaster-toute-saison-noir-et-rouge-paq-4-0313212p.html,https://www.canadiantire.ca/fr/pdp/tapis-d-auto-motomaster-toute-saison-noir-et-rouge-paq-4-0313212p.html,https://media-www.canadiantire.ca/product/automotive/car-care-accessories/auto-comfort/0313212/motomaster-2-tone-floor-mats-4-pc-red-1d1082b1-0d0a-4f3a-81e5-e2b126abe054.png?im=whresize&wid=200&hei=200,https://media-www.canadiantire.ca/product/automotive/car-care-accessories/auto-comfort/0313212/motomaster-2-tone-floor-mats-4-pc-red-1d1082b1-0d0a-4f3a-81e5-e2b126abe054.png?im=whresize&wid=200&hei=200,,0313212,031-3212-4,Il n’en reste que 1 #031-3212-4,Liquidation◊Mieux notés,50.13,"24,93","49,99"
51,"Kincardine, ON","Lumières de Noël étoilées à DEL NOMA, 104 pi 1 po, blanc pur, paq. 100","Lumières de Noël étoilées à DEL NOMA, 104 pi 1 po, blanc pur, paq. 100",24.93,"24,93 $",99.99,"Était±  99,99 $prix était 99,99 $",24.93,"24,93 $",24.93,"24,93 $",true,https://www.canadiantire.ca/fr/pdp/lumieres-de-noel-etoilees-a-del-noma-104-pi-1-po-blanc-pur-paq-100-1513967p.html,https://www.canadiantire.ca/fr/pdp/lumieres-de-noel-etoilees-a-del-noma-104-pi-1-po-blanc-pur-paq-100-1513967p.html,https://media-www.canadiantire.ca/product/seasonal-gardening/seasonal/christmas-lights-outdoor-decor/1513967/noma-100-starry-led-lights-pure-white-046e15d1-7021-42a0-8344-95a163d8926d-jpgrendition.jpg?im=whresize&wid=200&hei=200,https://media-www.canadiantire.ca/product/seasonal-gardening/seasonal/christmas-lights-outdoor-decor/1513967/noma-100-starry-led-lights-pure-white-046e15d1-7021-42a0-8344-95a163d8926d-jpgrendition.jpg?im=whresize&wid=200&hei=200,,1513967,151-3967-2,Il n’en reste que 2 #151-3967-2,Liquidation◊Exclusivité,75.07,"24,93","99,99"
51,"Kincardine, ON","Porte-savon en polyrésine, noir","Porte-savon en polyrésine, noir",4.93,"4,93 $",9.99,"Était±  9,99 $prix était 9,99 $",4.93,"4,93 $",4.93,"4,93 $",true,https://www.canadiantire.ca/fr/pdp/porte-savon-en-polyresine-noir-0634859p.html,https://www.canadiantire.ca/fr/pdp/porte-savon-en-polyresine-noir-0634859p.html,https://media-www.canadiantire.ca/product/living/home-decor/bed-bath-decor/0634859/polyresin-soap-dish-black-f0ad9e9d-1606-4493-b6f9-6f293d998069-jpgrendition.jpg?im=whresize&wid=200&hei=200,https://media-www.canadiantire.ca/product/living/home-decor/bed-bath-decor/0634859/polyresin-soap-dish-black-f0ad9e9d-1606-4493-b6f9-6f293d998069-jpgrendition.jpg?im=whresize&wid=200&hei=200,,0634859,063-4859-4,Il n’en reste que 4 #063-4859-4,Liquidation◊,50.65,"4,93","9,99"
51,"Kincardine, ON","Woods™ - Panneau solaire, 100 W, grand","Woods™ - Panneau solaire, 100 W, grand",162.93,"162,93 $",549.99,"Était±  549,99 $prix était 549,99 $",162.93,"162,93 $",162.93,"162,93 $",true,https://www.canadiantire.ca/fr/pdp/woodstm-panneau-solaire-100-w-grand-0112520p.html,https://www.canadiantire.ca/fr/pdp/woodstm-panneau-solaire-100-w-grand-0112520p.html,https://media-www.canadiantire.ca/product/seasonal-gardening/outdoor-tools/power-creation/0112520/woods-100-watt-large-solar-panel-f14d046d-24f1-488c-be26-561bab2d983d-jpgrendition.jpg?im=whresize&wid=200&hei=200,https://media-www.canadiantire.ca/product/seasonal-gardening/outdoor-tools/power-creation/0112520/woods-100-watt-large-solar-panel-f14d046d-24f1-488c-be26-561bab2d983d-jpgrendition.jpg?im=whresize&wid=200&hei=200,,0112520,011-2520-4,Il n’en reste que 1 #011-2520-4,Liquidation◊Exclusivité,70.38,"162,93","549,99"
51,"Kincardine, ON","Couvert en plastique Zak Designs Pat'Patrouille, sans BPA, bleu, 2 pièces","Couvert en plastique Zak Designs Pat'Patrouille, sans BPA, bleu, 2 pièces",2.93,"2,93 $",7.99,"Était±  7,99 $prix était 7,99 $",2.93,"2,93 $",2.93,"2,93 $",true,https://www.canadiantire.ca/fr/pdp/couvert-en-plastique-zak-designs-pat-patrouille-sans-bpa-bleu-2-pieces-1422938p.html,https://www.canadiantire.ca/fr/pdp/couvert-en-plastique-zak-designs-pat-patrouille-sans-bpa-bleu-2-pieces-1422938p.html,https://media-www.canadiantire.ca/product/living/kitchen/dining-and-entertaining/1422938/paw-patrol-boy-flatware-set-f844562f-4f10-4b6d-afff-4b9c7e1b2db7-jpgrendition.jpg?im=whresize&wid=200&hei=200,https://media-www.canadiantire.ca/product/living/kitchen/dining-and-entertaining/1422938/paw-patrol-boy-flatware-set-f844562f-4f10-4b6d-afff-4b9c7e1b2db7-jpgrendition.jpg?im=whresize&wid=200&hei=200,,1422938,142-2938-0,8 En Stock#142-2938-0,Liquidation◊Mieux notés,63.33,"2,93","7,99"
51,"Kincardine, ON","Tapis d'intérieur et d'extérieur Korhani Sienna, 5 x 7 pi","Tapis d'intérieur et d'extérieur Korhani Sienna, 5 x 7 pi",54.93,"54,93 $",114.99,"Était±  114,99 $prix était 114,99 $",54.93,"54,93 $",54.93,"54,93 $",true,https://www.canadiantire.ca/fr/pdp/tapis-d-interieur-et-d-exterieur-korhani-sienna-5-x-7-pi-0680032p.html,https://www.canadiantire.ca/fr/pdp/tapis-d-interieur-et-d-exterieur-korhani-sienna-5-x-7-pi-0680032p.html,https://media-www.canadiantire.ca/product/living/home-decor/floor-window-decor/0680032/tofino-indoor-outdoor-rug-593a3364-ff9a-4daa-8160-ea1342dcc4ec-jpgrendition.jpg?im=whresize&wid=200&hei=200,https://media-www.canadiantire.ca/product/living/home-decor/floor-window-decor/0680032/tofino-indoor-outdoor-rug-593a3364-ff9a-4daa-8160-ea1342dcc4ec-jpgrendition.jpg?im=whresize&wid=200&hei=200,,0680032,068-0032-4,Il n’en reste que 4 #068-0032-4,Liquidation◊Exclusivité,52.23,"54,93","114,99"
51,"Kincardine, ON","Filtre à air pour réduction des allergènes 3M Filtrete Ultra, vie saine, MPR 1500, 16 x 25 x 1 po, paq. 1","Filtre à air pour réduction des allergènes 3M Filtrete Ultra, vie saine, MPR 1500, 16 x 25 x 1 po, paq. 1",14.93,"14,93 $",29.99,"Était±  29,99 $prix était 29,99 $",14.93,"14,93 $",14.93,"14,93 $",true,https://www.canadiantire.ca/fr/pdp/filtre-a-air-pour-reduction-des-allergenes-3m-filtrete-ultra-vie-saine-mpr-1500-16-x-25-x-1-po-paq-1-0645306p.html,https://www.canadiantire.ca/fr/pdp/filtre-a-air-pour-reduction-des-allergenes-3m-filtrete-ultra-vie-saine-mpr-1500-16-x-25-x-1-po-paq-1-0645306p.html,https://media-www.canadiantire.ca/product/fixing/home-environment/home-air-quality-accessories/0645306/16x25x1-3m-filtrete-ultra-1500mpr-filter-c4c4a0f0-a672-4c37-ab98-fc016ffffe2f-jpgrendition.jpg?im=whresize&wid=200&hei=200,https://media-www.canadiantire.ca/product/fixing/home-environment/home-air-quality-accessories/0645306/16x25x1-3m-filtrete-ultra-1500mpr-filter-c4c4a0f0-a672-4c37-ab98-fc016ffffe2f-jpgrendition.jpg?im=whresize&wid=200&hei=200,,0645306,064-5306-2,18 En Stock#064-5306-2,Liquidation◊Mieux notés,50.22,"14,93","29,99"
51,"Kincardine, ON","Friteuse à air chaud à écran DEL avec grille Heritage, 6 L","Friteuse à air chaud à écran DEL avec grille Heritage, 6 L",99.93,"99,93 $",199.99,"Était±  199,99 $prix était 199,99 $",99.93,"99,93 $",99.93,"99,93 $",true,https://www.canadiantire.ca/fr/pdp/friteuse-a-air-chaud-a-ecran-del-avec-grille-heritage-6-l-0430101p.html,https://www.canadiantire.ca/fr/pdp/friteuse-a-air-chaud-a-ecran-del-avec-grille-heritage-6-l-0430101p.html,https://media-www.canadiantire.ca/product/living/kitchen/kitchen-appliances/0430101/heritage-6l-air-fryer-with-grill-53eab818-5a02-4049-a6ac-0a400a77fca0-jpgrendition.jpg?im=whresize&wid=200&hei=200,https://media-www.canadiantire.ca/product/living/kitchen/kitchen-appliances/0430101/heritage-6l-air-fryer-with-grill-53eab818-5a02-4049-a6ac-0a400a77fca0-jpgrendition.jpg?im=whresize&wid=200&hei=200,,0430101,043-0101-8,Il n’en reste que 1 #043-0101-8,Liquidation◊Mieux notés,50.03,"99,93","199,99"
51,"Kincardine, ON","Île flottante gonflable pour plusieurs personnes Outbound avec glacière pour rivières et lacs, blanc/bleu","Île flottante gonflable pour plusieurs personnes Outbound avec glacière pour rivières et lacs, blanc/bleu",29.93,"29,93 $",74.99,"Était±  74,99 $prix était 74,99 $",29.93,"29,93 $",29.93,"29,93 $",true,https://www.canadiantire.ca/fr/pdp/ile-flottante-gonflable-pour-plusieurs-personnes-outbound-avec-glaciere-pour-rivieres-et-lacs-blanc-bleu-0797162p.html,https://www.canadiantire.ca/fr/pdp/ile-flottante-gonflable-pour-plusieurs-personnes-outbound-avec-glaciere-pour-rivieres-et-lacs-blanc-bleu-0797162p.html,https://media-www.canadiantire.ca/product/playing/seasonal-recreation/marine-water-fun/0797162/dive-in-island-with-cooler-connectable-9af35721-305e-44a8-a498-133d2e0ea3e6-jpgrendition.jpg?im=whresize&wid=200&hei=200,https://media-www.canadiantire.ca/product/playing/seasonal-recreation/marine-water-fun/0797162/dive-in-island-with-cooler-connectable-9af35721-305e-44a8-a498-133d2e0ea3e6-jpgrendition.jpg?im=whresize&wid=200&hei=200,,0797162,079-7162-6,Il n’en reste que 4 #079-7162-6,Liquidation◊Exclusivité,60.09,"29,93","74,99"
51,"Kincardine, ON",Panneau solaire cristallin hors réseau Coleman de 175 W pour batteries de 12 V,Panneau solaire cristallin hors réseau Coleman de 175 W pour batteries de 12 V,299.93,"299,93 $",599.99,"Était±  599,99 $prix était 599,99 $",299.93,"299,93 $",299.93,"299,93 $",true,https://www.canadiantire.ca/fr/pdp/panneau-solaire-cristallin-hors-reseau-coleman-de-175-w-pour-batteries-de-12-v-0112521p.html,https://www.canadiantire.ca/fr/pdp/panneau-solaire-cristallin-hors-reseau-coleman-de-175-w-pour-batteries-de-12-v-0112521p.html,https://media-www.canadiantire.ca/product/seasonal-gardening/outdoor-tools/power-creation/0112521/coleman-175w-crystalline-solar-panel-8fa85021-6ba8-4bdd-a311-66ba54870ae0.png?im=whresize&wid=200&hei=200,https://media-www.canadiantire.ca/product/seasonal-gardening/outdoor-tools/power-creation/0112521/coleman-175w-crystalline-solar-panel-8fa85021-6ba8-4bdd-a311-66ba54870ae0.png?im=whresize&wid=200&hei=200,,0112521,011-2521-2,Il n’en reste que 1 #011-2521-2,Liquidation◊Exclusivité,50.01,"299,93","599,99"
51,"Kincardine, ON","Tapis à motifs géométriques lavable Rug-All, argile, 5 x 7 pi","Tapis à motifs géométriques lavable Rug-All, argile, 5 x 7 pi",74.93,"74,93 $",149.99,"Était±  149,99 $prix était 149,99 $",74.93,"74,93 $",74.93,"74,93 $",true,https://www.canadiantire.ca/fr/pdp/tapis-a-motifs-geometriques-lavable-rug-all-argile-5-x-7-pi-0680019p.html,https://www.canadiantire.ca/fr/pdp/tapis-a-motifs-geometriques-lavable-rug-all-argile-5-x-7-pi-0680019p.html,https://media-www.canadiantire.ca/product/living/home-decor/floor-window-decor/0680024/rugall-geometric-clay-3x5--1ce094c7-207a-4fd6-bd01-e39d5174de95-jpgrendition.jpg?im=whresize&wid=200&hei=200,https://media-www.canadiantire.ca/product/living/home-decor/floor-window-decor/0680024/rugall-geometric-clay-3x5--1ce094c7-207a-4fd6-bd01-e39d5174de95-jpgrendition.jpg?im=whresize&wid=200&hei=200,,0680019,068-0019-8,Il n’en reste que 1 #068-0019-8,Liquidation◊Exclusivité,50.04,"74,93","149,99"
51,"Kincardine, ON",Calendrier de l'Avent coulissant pour table CANVAS - Bilingue,Calendrier de l'Avent coulissant pour table CANVAS - Bilingue,6.93,"6,93 $",14.99,"Était±  14,99 $prix était 14,99 $",6.93,"6,93 $",6.93,"6,93 $",true,https://www.canadiantire.ca/fr/pdp/calendrier-de-l-avent-coulissant-pour-table-canvas-bilingue-0514824p.html,https://www.canadiantire.ca/fr/pdp/calendrier-de-l-avent-coulissant-pour-table-canvas-bilingue-0514824p.html,https://media-www.canadiantire.ca/product/seasonal-gardening/seasonal/christmas-indoor-decor/0514824/advent-calendar-tabletop-slider-26e125e2-b06c-417e-b1bd-efd5709e8795-jpgrendition.jpg?im=whresize&wid=200&hei=200,https://media-www.canadiantire.ca/product/seasonal-gardening/seasonal/christmas-indoor-decor/0514824/advent-calendar-tabletop-slider-26e125e2-b06c-417e-b1bd-efd5709e8795-jpgrendition.jpg?im=whresize&wid=200&hei=200,,0514824,051-4824-4,Il n’en reste que 4 #051-4824-4,Liquidation◊Exclusivité,53.77,"6,93","14,99"
51,"Kincardine, ON","For Living - Décoration de Noël Boîte aux lettres en métal, rouge, 12 po","For Living - Décoration de Noël Boîte aux lettres en métal, rouge, 12 po",22.49,"22,49 $",44.99,"Était±  44,99 $prix était 44,99 $",22.49,"22,49 $",22.49,"22,49 $",true,https://www.canadiantire.ca/fr/pdp/for-living-decoration-de-noel-boite-aux-lettres-en-metal-rouge-12-po-1518483p.html,https://www.canadiantire.ca/fr/pdp/for-living-decoration-de-noel-boite-aux-lettres-en-metal-rouge-12-po-1518483p.html,https://media-www.canadiantire.ca/product/seasonal-gardening/seasonal/seasonal-decor/1518483/12-metal-mailbox-2233c6ba-f705-475e-a295-290c193ec7d0-jpgrendition.jpg?im=whresize&wid=200&hei=200,https://media-www.canadiantire.ca/product/seasonal-gardening/seasonal/seasonal-decor/1518483/12-metal-mailbox-2233c6ba-f705-475e-a295-290c193ec7d0-jpgrendition.jpg?im=whresize&wid=200&hei=200,,1518483,151-8483-2,Il n’en reste que 3 #151-8483-2,Liquidation◊Mieux notés,50.01,"22,49","44,99"
51,"Kincardine, ON","For Living Rainbow - Sapin de Noël illuminé avec support, 350 ampoules à DEL, 7 pi","For Living Rainbow - Sapin de Noël illuminé avec support, 350 ampoules à DEL, 7 pi",79.93,"79,93 $",249.99,"Était±  249,99 $prix était 249,99 $",79.93,"79,93 $",79.93,"79,93 $",true,https://www.canadiantire.ca/fr/pdp/for-living-rainbow-sapin-de-noel-illumine-avec-support-350-ampoules-a-del-7-pi-1518573p.html,https://www.canadiantire.ca/fr/pdp/for-living-rainbow-sapin-de-noel-illumine-avec-support-350-ampoules-a-del-7-pi-1518573p.html,https://media-www.canadiantire.ca/product/seasonal-gardening/seasonal/christmas-trees/1518573/for-living-7ft-rainbow-tree-438924c2-a060-4543-b5ac-96a4bd725ffb-jpgrendition.jpg?im=whresize&wid=200&hei=200,https://media-www.canadiantire.ca/product/seasonal-gardening/seasonal/christmas-trees/1518573/for-living-7ft-rainbow-tree-438924c2-a060-4543-b5ac-96a4bd725ffb-jpgrendition.jpg?im=whresize&wid=200&hei=200,,1518573,151-8573-8,Il n’en reste que 1 #151-8573-8,Liquidation◊Mieux notés,68.03,"79,93","249,99"
51,"Kincardine, ON","Câble de chargement micro USB DE SMART Accessories pour téléphones intelligents Android et plus encore, 3 pi","Câble de chargement micro USB DE SMART Accessories pour téléphones intelligents Android et plus encore, 3 pi",1.93,"1,93 $",4.99,"Était±  4,99 $prix était 4,99 $",1.93,"1,93 $",1.93,"1,93 $",true,https://www.canadiantire.ca/fr/pdp/cable-de-chargement-micro-usb-de-smart-accessories-pour-telephones-intelligents-android-et-plus-encore-3-pi-0355355p.html,https://www.canadiantire.ca/fr/pdp/cable-de-chargement-micro-usb-de-smart-accessories-pour-telephones-intelligents-android-et-plus-encore-3-pi-0355355p.html,https://media-www.canadiantire.ca/product/automotive/car-care-accessories/auto-electronics/0355355/smart-accessories-micro-usb-cable-3--7e33cb19-bb77-4286-a278-ac6df41bed68-jpgrendition.jpg?im=whresize&wid=200&hei=200,https://media-www.canadiantire.ca/product/automotive/car-care-accessories/auto-electronics/0355355/smart-accessories-micro-usb-cable-3--7e33cb19-bb77-4286-a278-ac6df41bed68-jpgrendition.jpg?im=whresize&wid=200&hei=200,,0355355,035-5355-4,11 En Stock#035-5355-4,Liquidation◊,61.32,"1,93","4,99"
51,"Kincardine, ON","Grille-pain four et friteuse à air à convection Hamilton Beach avec 6 fonctions, acier inoxydable, 6 tranches","Grille-pain four et friteuse à air à convection Hamilton Beach avec 6 fonctions, acier inoxydable, 6 tranches",124.93,"124,93 $",249.99,"Était±  249,99 $prix était 249,99 $",124.93,"124,93 $",124.93,"124,93 $",true,https://www.canadiantire.ca/fr/pdp/grille-pain-four-et-friteuse-a-air-a-convection-hamilton-beach-avec-6-fonctions-acier-inoxydable-6-tranches-0432769p.html,https://www.canadiantire.ca/fr/pdp/grille-pain-four-et-friteuse-a-air-a-convection-hamilton-beach-avec-6-fonctions-acier-inoxydable-6-tranches-0432769p.html,https://media-www.canadiantire.ca/product/living/kitchen/kitchen-appliances/0432769/hamilton-beach-6-slice-professional-air-fryer-toaster-oven-2f2f7355-5503-4897-b413-e07a6059d81b-jpgrendition.jpg?im=whresize&wid=200&hei=200,https://media-www.canadiantire.ca/product/living/kitchen/kitchen-appliances/0432769/hamilton-beach-6-slice-professional-air-fryer-toaster-oven-2f2f7355-5503-4897-b413-e07a6059d81b-jpgrendition.jpg?im=whresize&wid=200&hei=200,,0432769,043-2769-8,Il n’en reste que 1 #043-2769-8,Liquidation◊Mieux notés,50.03,"124,93","249,99"
51,"Kincardine, ON","Luminaires encastrés à DEL CCT Trenz Lighting, 4 po, paq. 8","Luminaires encastrés à DEL CCT Trenz Lighting, 4 po, paq. 8",149.93,"149,93 $",339.99,"Était±  339,99 $prix était 339,99 $",149.93,"149,93 $",149.93,"149,93 $",true,https://www.canadiantire.ca/fr/pdp/luminaires-encastres-a-del-cct-trenz-lighting-4-po-paq-8-0528459p.html,https://www.canadiantire.ca/fr/pdp/luminaires-encastres-a-del-cct-trenz-lighting-4-po-paq-8-0528459p.html,https://media-www.canadiantire.ca/product/living/home-decor/lighting/0528459/trenz-4-led-cct-8-pack-recessed-lights-c2bcdbe3-374a-4c7b-8b28-334700bea4fb-jpgrendition.jpg?im=whresize&wid=200&hei=200,https://media-www.canadiantire.ca/product/living/home-decor/lighting/0528459/trenz-4-led-cct-8-pack-recessed-lights-c2bcdbe3-374a-4c7b-8b28-334700bea4fb-jpgrendition.jpg?im=whresize&wid=200&hei=200,,0528459,052-8459-8,,Liquidation◊,55.9,"149,93","339,99"
51,"Kincardine, ON","Lance-balle de neige et trousse d'artiste d'hiver pour enfants Snow Fun jouets d'hiver extérieur, paq 5, 5 ans et plus","Lance-balle de neige et trousse d'artiste d'hiver pour enfants Snow Fun jouets d'hiver extérieur, paq 5, 5 ans et plus",13.93,"13,93 $",27.99,"Était±  27,99 $prix était 27,99 $",13.93,"13,93 $",13.93,"13,93 $",true,https://www.canadiantire.ca/fr/pdp/lance-balle-de-neige-et-trousse-d-artiste-d-hiver-pour-enfants-snow-fun-jouets-d-hiver-exterieur-paq-5-5-ans-et-plus-0821062p.html,https://www.canadiantire.ca/fr/pdp/lance-balle-de-neige-et-trousse-d-artiste-d-hiver-pour-enfants-snow-fun-jouets-d-hiver-exterieur-paq-5-5-ans-et-plus-0821062p.html,https://media-www.canadiantire.ca/product/playing/seasonal-recreation/winter-recreation/0821062/ultimate-sno-fun-kit-fb5bcc5a-5626-4179-ba2e-d76bfff6b1c7-jpgrendition.jpg?im=whresize&wid=200&hei=200,https://media-www.canadiantire.ca/product/playing/seasonal-recreation/winter-recreation/0821062/ultimate-sno-fun-kit-fb5bcc5a-5626-4179-ba2e-d76bfff6b1c7-jpgrendition.jpg?im=whresize&wid=200&hei=200,,0821062,082-1062-0,Il n’en reste que 4 #082-1062-0,Liquidation◊,50.23,"13,93","27,99"
51,"Kincardine, ON","Maison de poupées Kidkraft Ivy Retreat pour enfants, 3 ans et plus","Maison de poupées Kidkraft Ivy Retreat pour enfants, 3 ans et plus",72.93,"72,93 $",149.99,"Était±  149,99 $prix était 149,99 $",72.93,"72,93 $",72.93,"72,93 $",true,https://www.canadiantire.ca/fr/pdp/maison-de-poupees-kidkraft-ivy-retreat-pour-enfants-3-ans-et-plus-1501665p.html,https://www.canadiantire.ca/fr/pdp/maison-de-poupees-kidkraft-ivy-retreat-pour-enfants-3-ans-et-plus-1501665p.html,https://media-www.canadiantire.ca/product/seasonal-gardening/toys/toys-games/1501665/kidkraft-modern-charm-doll-house-a83df597-77a0-4f0c-833e-cf474327d07f-jpgrendition.jpg?im=whresize&wid=200&hei=200,https://media-www.canadiantire.ca/product/seasonal-gardening/toys/toys-games/1501665/kidkraft-modern-charm-doll-house-a83df597-77a0-4f0c-833e-cf474327d07f-jpgrendition.jpg?im=whresize&wid=200&hei=200,,1501665,150-1665-4,Il n’en reste que 1 #150-1665-4,Liquidation◊Mieux notés,51.38,"72,93","149,99"
51,"Kincardine, ON","Bulbe d'ail d'automne de Transylvanie Bulbs Are Easy, prêt à planter dans votre potager familial","Bulbe d'ail d'automne de Transylvanie Bulbs Are Easy, prêt à planter dans votre potager familial",0.99,"0,99 $",6.99,"Était±  6,99 $prix était 6,99 $",0.99,"0,99 $",0.99,"0,99 $",true,https://www.canadiantire.ca/fr/pdp/bulbe-d-ail-d-automne-de-transylvanie-bulbs-are-easy-pret-a-planter-dans-votre-potager-familial-1591245p.html,https://www.canadiantire.ca/fr/pdp/bulbe-d-ail-d-automne-de-transylvanie-bulbs-are-easy-pret-a-planter-dans-votre-potager-familial-1591245p.html,https://media-www.canadiantire.ca/product/seasonal-gardening/gardening/dormant-goods/1591245/fall-garlic-transylvanian-7d2afd5a-e46b-4987-967d-bb1619d65a38-jpgrendition.jpg?im=whresize&wid=200&hei=200,https://media-www.canadiantire.ca/product/seasonal-gardening/gardening/dormant-goods/1591245/fall-garlic-transylvanian-7d2afd5a-e46b-4987-967d-bb1619d65a38-jpgrendition.jpg?im=whresize&wid=200&hei=200,,1591245,159-1245-6,,Liquidation◊Exclusivité,85.84,"0,99","6,99"
51,"Kincardine, ON","CANVAS Minden - Fauteuil Adirondack empilable rembourré, gris","CANVAS Minden - Fauteuil Adirondack empilable rembourré, gris",57.49,"57,49 $",114.99,"Était±  114,99 $prix était 114,99 $",57.49,"57,49 $",57.49,"57,49 $",true,https://www.canadiantire.ca/fr/pdp/canvas-minden-fauteuil-adirondack-empilable-rembourre-gris-0882190p.html,https://www.canadiantire.ca/fr/pdp/canvas-minden-fauteuil-adirondack-empilable-rembourre-gris-0882190p.html,https://media-www.canadiantire.ca/product/seasonal-gardening/backyard-living/outdoor-furniture/0882190/canvas-minden-padded-sling-adirondack-chair-22bfb86d-0e5b-4775-9dbb-b82e723cafcd-jpgrendition.jpg?im=whresize&wid=200&hei=200,https://media-www.canadiantire.ca/product/seasonal-gardening/backyard-living/outdoor-furniture/0882190/canvas-minden-padded-sling-adirondack-chair-22bfb86d-0e5b-4775-9dbb-b82e723cafcd-jpgrendition.jpg?im=whresize&wid=200&hei=200,,0882190,088-2190-6,Il n’en reste que 1 #088-2190-6,Liquidation◊Mieux notés,50,"57,49","114,99"
51,"Kincardine, ON",Bulbe de tulipe double hâtive Foxy Foxtrot Bulbs Are Easy,Bulbe de tulipe double hâtive Foxy Foxtrot Bulbs Are Easy,5.99,"5,99 $",11.99,"Était±  11,99 $prix était 11,99 $",5.99,"5,99 $",5.99,"5,99 $",true,https://www.canadiantire.ca/fr/pdp/bulbe-de-tulipe-double-hative-foxy-foxtrot-bulbs-are-easy-1592366p.html,https://www.canadiantire.ca/fr/pdp/bulbe-de-tulipe-double-hative-foxy-foxtrot-bulbs-are-easy-1592366p.html,https://media-www.canadiantire.ca/product/seasonal-gardening/gardening/dormant-goods/1592366/tulip-double-early-foxy-foxtrot-bulb-b002b0f7-3fad-4e82-a61b-35dbf0612070-jpgrendition.jpg?im=whresize&wid=200&hei=200,https://media-www.canadiantire.ca/product/seasonal-gardening/gardening/dormant-goods/1592366/tulip-double-early-foxy-foxtrot-bulb-b002b0f7-3fad-4e82-a61b-35dbf0612070-jpgrendition.jpg?im=whresize&wid=200&hei=200,,1592366,159-2366-2,,Liquidation◊Exclusivité,50.04,"5,99","11,99"
51,"Kincardine, ON","Robinet d'évier à bec rétractable et à poignée simple Peerless Xander, acier inoxydable","Robinet d'évier à bec rétractable et à poignée simple Peerless Xander, acier inoxydable",109.93,"109,93 $",239.99,"Était±  239,99 $prix était 239,99 $",109.93,"109,93 $",109.93,"109,93 $",true,https://www.canadiantire.ca/fr/pdp/robinet-d-evier-a-bec-retractable-et-a-poignee-simple-peerless-xander-acier-inoxydable-0639994p.html,https://www.canadiantire.ca/fr/pdp/robinet-d-evier-a-bec-retractable-et-a-poignee-simple-peerless-xander-acier-inoxydable-0639994p.html,https://media-www.canadiantire.ca/product/fixing/plumbing/faucets-fixtures/0639994/peerless-xander-pullout-kitchen-faucet-stainless-steel-1c8fbb4d-d89c-4aac-b54f-8d39f872f3e2-jpgrendition.jpg?im=whresize&wid=200&hei=200,https://media-www.canadiantire.ca/product/fixing/plumbing/faucets-fixtures/0639994/peerless-xander-pullout-kitchen-faucet-stainless-steel-1c8fbb4d-d89c-4aac-b54f-8d39f872f3e2-jpgrendition.jpg?im=whresize&wid=200&hei=200,,0639994,063-9994-0,Il n’en reste que 1 #063-9994-0,Liquidation◊,54.19,"109,93","239,99"
51,"Kincardine, ON","Caméra de recul de type S, HD 1080p","Caméra de recul de type S, HD 1080p",48.93,"48,93 $",99.99,"Était±  99,99 $prix était 99,99 $",48.93,"48,93 $",48.93,"48,93 $",true,https://www.canadiantire.ca/fr/pdp/camera-de-recul-de-type-s-hd-1080p-0350726p.html,https://www.canadiantire.ca/fr/pdp/camera-de-recul-de-type-s-hd-1080p-0350726p.html,https://media-www.canadiantire.ca/product/automotive/car-care-accessories/auto-electronics/0350726/type-s-app-view-backup-camera-c88bafb0-1e98-4cac-854f-bda5ffa251d4.png?im=whresize&wid=200&hei=200,https://media-www.canadiantire.ca/product/automotive/car-care-accessories/auto-electronics/0350726/type-s-app-view-backup-camera-c88bafb0-1e98-4cac-854f-bda5ffa251d4.png?im=whresize&wid=200&hei=200,,0350726,035-0726-2,Il n’en reste que 2 #035-0726-2,Liquidation◊,51.07,"48,93","99,99"
51,"Kincardine, ON","Sangles d'arrimage ShockStrap Richelieu, résistance à la rupture de 3 000 lb, 1,5 po x 7 pi, paq. 2","Sangles d'arrimage ShockStrap Richelieu, résistance à la rupture de 3 000 lb, 1,5 po x 7 pi, paq. 2",52.93,"52,93 $",124.99,"Était±  124,99 $prix était 124,99 $",52.93,"52,93 $",52.93,"52,93 $",true,https://www.canadiantire.ca/fr/pdp/sangles-d-arrimage-shockstrap-richelieu-resistance-a-la-rupture-de-3-000-lb-1-5-po-x-7-pi-paq-2-0402681p.html,https://www.canadiantire.ca/fr/pdp/sangles-d-arrimage-shockstrap-richelieu-resistance-a-la-rupture-de-3-000-lb-1-5-po-x-7-pi-paq-2-0402681p.html,https://media-www.canadiantire.ca/product/automotive/automotive-outdoor-adventure/tarps-cords/0402681/3-000-lb-1-5-x-7-shockstrap-tie-down-2-pack-7fa360fd-d141-48d3-85dd-74c601f52b4a-jpgrendition.jpg?im=whresize&wid=200&hei=200,https://media-www.canadiantire.ca/product/automotive/automotive-outdoor-adventure/tarps-cords/0402681/3-000-lb-1-5-x-7-shockstrap-tie-down-2-pack-7fa360fd-d141-48d3-85dd-74c601f52b4a-jpgrendition.jpg?im=whresize&wid=200&hei=200,,0402681,040-2681-0,Il n’en reste que 2 #040-2681-0,Liquidation◊Mieux notés,57.65,"52,93","124,99"
51,"Kincardine, ON","Guirlande de noix CANVAS Countryside, 8 pi","Guirlande de noix CANVAS Countryside, 8 pi",4.93,"4,93 $",12.99,"Était±  12,99 $prix était 12,99 $",4.93,"4,93 $",4.93,"4,93 $",true,https://www.canadiantire.ca/fr/pdp/guirlande-de-noix-canvas-countryside-8-pi-1519353p.html,https://www.canadiantire.ca/fr/pdp/guirlande-de-noix-canvas-countryside-8-pi-1519353p.html,https://media-www.canadiantire.ca/product/seasonal-gardening/seasonal/seasonal-decor/1519353/trend-8-foot-beaded-walnut-garland-339868fa-0dd3-4485-8672-9fa57b0d9875-jpgrendition.jpg?im=whresize&wid=200&hei=200,https://media-www.canadiantire.ca/product/seasonal-gardening/seasonal/seasonal-decor/1519353/trend-8-foot-beaded-walnut-garland-339868fa-0dd3-4485-8672-9fa57b0d9875-jpgrendition.jpg?im=whresize&wid=200&hei=200,,1519353,151-9353-6,,Liquidation◊Exclusivité,62.05,"4,93","12,99"
51,"Kincardine, ON","Rail d'éclairage à 4 lampes avec abat-jour en cristal NOMA Cora, chrome","Rail d'éclairage à 4 lampes avec abat-jour en cristal NOMA Cora, chrome",69.93,"69,93 $",139.99,"Était±  139,99 $prix était 139,99 $",69.93,"69,93 $",69.93,"69,93 $",true,https://www.canadiantire.ca/fr/pdp/rail-d-eclairage-a-4-lampes-avec-abat-jour-en-cristal-noma-cora-chrome-0528002p.html,https://www.canadiantire.ca/fr/pdp/rail-d-eclairage-a-4-lampes-avec-abat-jour-en-cristal-noma-cora-chrome-0528002p.html,https://media-www.canadiantire.ca/product/living/home-decor/lighting/0528002/track-4-light-cora-73437bd7-39f4-4580-99f7-c545f545db5e-jpgrendition.jpg?im=whresize&wid=200&hei=200,https://media-www.canadiantire.ca/product/living/home-decor/lighting/0528002/track-4-light-cora-73437bd7-39f4-4580-99f7-c545f545db5e-jpgrendition.jpg?im=whresize&wid=200&hei=200,,0528002,052-8002-4,Il n’en reste que 1 #052-8002-4,Liquidation◊Mieux notés,50.05,"69,93","139,99"
51,"Kincardine, ON",Décoration de Noël fagot de la forêt pour bricoleur,Décoration de Noël fagot de la forêt pour bricoleur,9.93,"9,93 $",26.99,"Était±  26,99 $prix était 26,99 $",9.93,"9,93 $",9.93,"9,93 $",true,https://www.canadiantire.ca/fr/pdp/decoration-de-noel-fagot-de-la-foret-pour-bricoleur-1518684p.html,https://www.canadiantire.ca/fr/pdp/decoration-de-noel-fagot-de-la-foret-pour-bricoleur-1518684p.html,https://media-www.canadiantire.ca/product/seasonal-gardening/seasonal/seasonal-decor/1518684/woodland-bundle-247e37aa-ef2c-4fc5-9339-2989a2785aaf-jpgrendition.jpg?im=whresize&wid=200&hei=200,https://media-www.canadiantire.ca/product/seasonal-gardening/seasonal/seasonal-decor/1518684/woodland-bundle-247e37aa-ef2c-4fc5-9339-2989a2785aaf-jpgrendition.jpg?im=whresize&wid=200&hei=200,,1518684,151-8684-4,Il n’en reste que 1 #151-8684-4,Liquidation◊Mieux notés,63.21,"9,93","26,99"
51,"Kincardine, ON","Tournevis de précision MAXIMUM avec embouts S2 en oxyde noir et étui en plastique, paq. 25","Tournevis de précision MAXIMUM avec embouts S2 en oxyde noir et étui en plastique, paq. 25",9.93,"9,93 $",19.99,"Était±  19,99 $prix était 19,99 $",9.93,"9,93 $",9.93,"9,93 $",true,https://www.canadiantire.ca/fr/pdp/tournevis-de-precision-maximum-avec-embouts-s2-en-oxyde-noir-et-etui-en-plastique-paq-25-0573420p.html,https://www.canadiantire.ca/fr/pdp/tournevis-de-precision-maximum-avec-embouts-s2-en-oxyde-noir-et-etui-en-plastique-paq-25-0573420p.html,https://media-www.canadiantire.ca/product/fixing/tools/manual-fastening/0573420/maximum-25-piece-precision-driver-set-0ec1bef6-49a8-4da1-9542-647d778f9868-jpgrendition.jpg?im=whresize&wid=200&hei=200,https://media-www.canadiantire.ca/product/fixing/tools/manual-fastening/0573420/maximum-25-piece-precision-driver-set-0ec1bef6-49a8-4da1-9542-647d778f9868-jpgrendition.jpg?im=whresize&wid=200&hei=200,,0573420,057-3420-8,Il n’en reste que 1 #057-3420-8,Liquidation◊Mieux notés,50.33,"9,93","19,99"
51,"Kincardine, ON",Doublure de casque cache-cou masque passe-montagne en néoprène de ski/sport de neige d'hiver chaud unisexe,Doublure de casque cache-cou masque passe-montagne en néoprène de ski/sport de neige d'hiver chaud unisexe,4.93,"4,93 $",11.99,"Était±  11,99 $prix était 11,99 $",4.93,"4,93 $",4.93,"4,93 $",true,https://www.canadiantire.ca/fr/pdp/doublure-de-casque-cache-cou-masque-passe-montagne-en-neoprene-de-ski-sport-de-neige-d-hiver-chaud-unisexe-0874457p.html,https://www.canadiantire.ca/fr/pdp/doublure-de-casque-cache-cou-masque-passe-montagne-en-neoprene-de-ski-sport-de-neige-d-hiver-chaud-unisexe-0874457p.html,https://media-www.canadiantire.ca/product/playing/footwear-apparel/winter-footwear-apparel/0874457/face-mask-neoprene-fd474580-ec26-47b4-95a5-87b0d64a66f0-jpgrendition.jpg?im=whresize&wid=200&hei=200,https://media-www.canadiantire.ca/product/playing/footwear-apparel/winter-footwear-apparel/0874457/face-mask-neoprene-fd474580-ec26-47b4-95a5-87b0d64a66f0-jpgrendition.jpg?im=whresize&wid=200&hei=200,,0874457,087-4457-4,Il n’en reste que 1 #087-4457-4,Liquidation◊,58.88,"4,93","11,99"
51,"Kincardine, ON","Poussette et tricycle Little Tikes Perfect Fit pour tout-petits 4-en-1, sarcelle","Poussette et tricycle Little Tikes Perfect Fit pour tout-petits 4-en-1, sarcelle",82.49,"82,49 $",164.99,"Était±  164,99 $prix était 164,99 $",82.49,"82,49 $",82.49,"82,49 $",true,https://www.canadiantire.ca/fr/pdp/poussette-et-tricycle-little-tikes-perfect-fit-pour-tout-petits-4-en-1-sarcelle-0711744p.html,https://www.canadiantire.ca/fr/pdp/poussette-et-tricycle-little-tikes-perfect-fit-pour-tout-petits-4-en-1-sarcelle-0711744p.html,https://media-www.canadiantire.ca/product/playing/cycling/bicycles/0711744/little-tikes-4-in-1-trike-teal-f61f6848-050f-43e3-9d95-1a03fb723307-jpgrendition.jpg?im=whresize&wid=200&hei=200,https://media-www.canadiantire.ca/product/playing/cycling/bicycles/0711744/little-tikes-4-in-1-trike-teal-f61f6848-050f-43e3-9d95-1a03fb723307-jpgrendition.jpg?im=whresize&wid=200&hei=200,,0711744,071-1744-4,Il n’en reste que 1 #071-1744-4,Liquidation◊,50,"82,49","164,99"
51,"Kincardine, ON","Protecteur de batterie Permatex, 4 g","Protecteur de batterie Permatex, 4 g",0.93,"0,93 $",3.99,"Était±  3,99 $prix était 3,99 $",0.93,"0,93 $",0.93,"0,93 $",true,https://www.canadiantire.ca/fr/pdp/protecteur-de-batterie-permatex-4-g-0383726p.html,https://www.canadiantire.ca/fr/pdp/protecteur-de-batterie-permatex-4-g-0383726p.html,https://media-www.canadiantire.ca/product/automotive/auto-maintenance/auto-fluids/0383726/battery-protector-7g-cc2d803e-f1b1-4ac0-b8e5-86a98ee2b9fc-jpgrendition.jpg?im=whresize&wid=200&hei=200,https://media-www.canadiantire.ca/product/automotive/auto-maintenance/auto-fluids/0383726/battery-protector-7g-cc2d803e-f1b1-4ac0-b8e5-86a98ee2b9fc-jpgrendition.jpg?im=whresize&wid=200&hei=200,,0383726,038-3726-8,Il n’en reste que 5 #038-3726-8,Liquidation◊Mieux notés,76.69,"0,93","3,99"
51,"Kincardine, ON","CANVAS Collection Argent - Ornement de Noël HoHoHo scintillant, 6-1/2 po","CANVAS Collection Argent - Ornement de Noël HoHoHo scintillant, 6-1/2 po",0.43,"0,43 $",0.99,"Était±  0,99 $prix était 0,99 $",0.43,"0,43 $",0.43,"0,43 $",true,https://www.canadiantire.ca/fr/pdp/canvas-collection-argent-ornement-de-noel-hohoho-scintillant-6-1-2-po-1518797p.html,https://www.canadiantire.ca/fr/pdp/canvas-collection-argent-ornement-de-noel-hohoho-scintillant-6-1-2-po-1518797p.html,https://media-www.canadiantire.ca/product/seasonal-gardening/seasonal/seasonal-decor/1518797/silver-glitter-hohoho-57b945af-e641-4586-acae-1671e4553df0-jpgrendition.jpg?im=whresize&wid=200&hei=200,https://media-www.canadiantire.ca/product/seasonal-gardening/seasonal/seasonal-decor/1518797/silver-glitter-hohoho-57b945af-e641-4586-acae-1671e4553df0-jpgrendition.jpg?im=whresize&wid=200&hei=200,,1518797,151-8797-6,Il n’en reste que 2 #151-8797-6,Liquidation◊Mieux notés,56.57,"0,43","0,99"
51,"Kincardine, ON","Goupille et boulon d’attelage SportRack SR0901 avec verrou, anti-vibration","Goupille et boulon d’attelage SportRack SR0901 avec verrou, anti-vibration",16.93,"16,93 $",79.99,"Était±  79,99 $prix était 79,99 $",16.93,"16,93 $",16.93,"16,93 $",true,https://www.canadiantire.ca/fr/pdp/goupille-et-boulon-d-attelage-sportrack-sr0901-avec-verrou-anti-vibration-0401102p.html,https://www.canadiantire.ca/fr/pdp/goupille-et-boulon-d-attelage-sportrack-sr0901-avec-verrou-anti-vibration-0401102p.html,https://media-www.canadiantire.ca/product/automotive/automotive-outdoor-adventure/auto-travel-storage/0401102/sportrack-hitch-pin-bolt-with-lock-fa81b7a1-f969-4ebd-9690-a49edb3e3128-jpgrendition.jpg?im=whresize&wid=200&hei=200,https://media-www.canadiantire.ca/product/automotive/automotive-outdoor-adventure/auto-travel-storage/0401102/sportrack-hitch-pin-bolt-with-lock-fa81b7a1-f969-4ebd-9690-a49edb3e3128-jpgrendition.jpg?im=whresize&wid=200&hei=200,,0401102,040-1102-6,Il n’en reste que 1 #040-1102-6,Liquidation◊,78.83,"16,93","79,99"
51,"Kincardine, ON","Câble auxiliaire de 3,5 mm pour iPod, iPhone, iPad, téléphone intelligent Android, tablette, maison, choix varié, 3 pi","Câble auxiliaire de 3,5 mm pour iPod, iPhone, iPad, téléphone intelligent Android, tablette, maison, choix varié, 3 pi",2.93,"2,93 $",5.99,"Était±  5,99 $prix était 5,99 $",2.93,"2,93 $",2.93,"2,93 $",true,https://www.canadiantire.ca/fr/pdp/cable-auxiliaire-de-3-5-mm-pour-ipod-iphone-ipad-telephone-intelligent-android-tablette-maison-choix-varie-3-pi-0355191p.html,https://www.canadiantire.ca/fr/pdp/cable-auxiliaire-de-3-5-mm-pour-ipod-iphone-ipad-telephone-intelligent-android-tablette-maison-choix-varie-3-pi-0355191p.html,https://media-www.canadiantire.ca/product/automotive/car-care-accessories/auto-electronics/0355191/3-5mm-auxiliary-cable-e27bf9db-9846-4eac-a0cc-7746f1d5513d-jpgrendition.jpg?im=whresize&wid=200&hei=200,https://media-www.canadiantire.ca/product/automotive/car-care-accessories/auto-electronics/0355191/3-5mm-auxiliary-cable-e27bf9db-9846-4eac-a0cc-7746f1d5513d-jpgrendition.jpg?im=whresize&wid=200&hei=200,,0355191,035-5191-2,33 En Stock#035-5191-2,Liquidation◊,51.09,"2,93","5,99"
51,"Kincardine, ON",Sac à sandwich réutilisable en silicone de qualité alimentaire Vida par PADERNO,Sac à sandwich réutilisable en silicone de qualité alimentaire Vida par PADERNO,4.93,"4,93 $",11.99,"Était±  11,99 $prix était 11,99 $",4.93,"4,93 $",4.93,"4,93 $",true,https://www.canadiantire.ca/fr/pdp/sac-a-sandwich-reutilisable-en-silicone-de-qualite-alimentaire-vida-par-paderno-1427288p.html,https://www.canadiantire.ca/fr/pdp/sac-a-sandwich-reutilisable-en-silicone-de-qualite-alimentaire-vida-par-paderno-1427288p.html,https://media-www.canadiantire.ca/product/living/kitchen/food-storage/1427288/vida-by-paderno-silicone-sandwich-bag-97f090e9-fc0c-4fd9-bebf-812a8e834c48-jpgrendition.jpg?im=whresize&wid=200&hei=200,https://media-www.canadiantire.ca/product/living/kitchen/food-storage/1427288/vida-by-paderno-silicone-sandwich-bag-97f090e9-fc0c-4fd9-bebf-812a8e834c48-jpgrendition.jpg?im=whresize&wid=200&hei=200,,1427288,142-7288-6,,Liquidation◊Mieux notés,58.88,"4,93","11,99"
51,"Kincardine, ON",Chaussures en filet à enfiler Outbound pour femmes avec semelle d'usure en caoutchouc,Chaussures en filet à enfiler Outbound pour femmes avec semelle d'usure en caoutchouc,16.93,"16,93 $",49.99,"49,99 $Était   et+ prix était à partir de 49,99 $",16.93,"16,93 $",16.93,"16,93 $",true,https://www.canadiantire.ca/fr/pdp/chaussures-en-filet-a-enfiler-outbound-pour-femmes-avec-semelle-d-usure-en-caoutchouc-1873551p.html,https://www.canadiantire.ca/fr/pdp/chaussures-en-filet-a-enfiler-outbound-pour-femmes-avec-semelle-d-usure-en-caoutchouc-1873551p.html,https://media-www.canadiantire.ca/product/playing/footwear-apparel/summer-footwear-apparel/1873551/outbound-women-s-knit-slip-on-shoes-size-5-7504ba23-816b-4a74-a479-eea62144e826-jpgrendition.jpg?im=whresize&wid=200&hei=200,https://media-www.canadiantire.ca/product/playing/footwear-apparel/summer-footwear-apparel/1873551/outbound-women-s-knit-slip-on-shoes-size-5-7504ba23-816b-4a74-a479-eea62144e826-jpgrendition.jpg?im=whresize&wid=200&hei=200,,1873551,187-3551,,Liquidation◊Mieux notés,66.13,"16,93","49,99"
51,"Kincardine, ON","Ballon en aluminium satiné citrouille lanterne, orange/noir, 29 po, gonflement à l'hélium et ruban inclus, pour Halloween","Ballon en aluminium satiné citrouille lanterne, orange/noir, 29 po, gonflement à l'hélium et ruban inclus, pour Halloween",4.93,"4,93 $",16.99,"Était±  16,99 $prix était 16,99 $",4.93,"4,93 $",4.93,"4,93 $",true,https://www.canadiantire.ca/fr/pdp/ballon-en-aluminium-satine-citrouille-lanterne-orange-noir-29-po-gonflement-a-l-helium-et-ruban-inclus-pour-halloween-8431611p.html,https://www.canadiantire.ca/fr/pdp/ballon-en-aluminium-satine-citrouille-lanterne-orange-noir-29-po-gonflement-a-l-helium-et-ruban-inclus-pour-halloween-8431611p.html,https://media-www.canadiantire.ca/product/seasonal-gardening/party-city-everyday/party-city-party-supplies-decor/8431611/scary-jack-o-lantern-balloon-35650dc7-40ac-4539-9975-1caf29977549-jpgrendition.jpg?im=whresize&wid=200&hei=200,https://media-www.canadiantire.ca/product/seasonal-gardening/party-city-everyday/party-city-party-supplies-decor/8431611/scary-jack-o-lantern-balloon-35650dc7-40ac-4539-9975-1caf29977549-jpgrendition.jpg?im=whresize&wid=200&hei=200,,8431611,843-1611-4,Il n’en reste que 1 #843-1611-4,Liquidation◊Hélium compris,70.98,"4,93","16,99"
51,"Kincardine, ON","Ampoule halogène de longue durée MotoMaster 9004, paq. 2","Ampoule halogène de longue durée MotoMaster 9004, paq. 2",13.93,"13,93 $",44.99,"Était±  44,99 $prix était 44,99 $",13.93,"13,93 $",13.93,"13,93 $",true,https://www.canadiantire.ca/fr/pdp/ampoule-halogene-de-longue-duree-motomaster-9004-paq-2-1202240p.html,https://www.canadiantire.ca/fr/pdp/ampoule-halogene-de-longue-duree-motomaster-9004-paq-2-1202240p.html,https://media-www.canadiantire.ca/product/automotive/auto-maintenance/auto-lighting/1202240/9004mm-bp2-motomaster-long-lasting-halogen-bulbs-94976e88-7002-4eb4-87a1-4b3dd1be0287-jpgrendition.jpg?im=whresize&wid=200&hei=200,https://media-www.canadiantire.ca/product/automotive/auto-maintenance/auto-lighting/1202240/9004mm-bp2-motomaster-long-lasting-halogen-bulbs-94976e88-7002-4eb4-87a1-4b3dd1be0287-jpgrendition.jpg?im=whresize&wid=200&hei=200,,1202240,120-2240-0,Il n’en reste que 3 #120-2240-0,Liquidation◊Exclusivité,69.04,"13,93","44,99"
51,"Kincardine, ON","Ballon en aluminium satiné bague à diamant, blanc, 30 po, gonflement à l'hélium et ruban inclus, pour mariage/fiançailles","Ballon en aluminium satiné bague à diamant, blanc, 30 po, gonflement à l'hélium et ruban inclus, pour mariage/fiançailles",2.93,"2,93 $",16.99,"Était±  16,99 $prix était 16,99 $",2.93,"2,93 $",2.93,"2,93 $",true,https://www.canadiantire.ca/fr/pdp/ballon-en-aluminium-satine-bague-a-diamant-blanc-30-po-gonflement-a-l-helium-et-ruban-inclus-pour-mariage-fiancailles-8423927p.html,https://www.canadiantire.ca/fr/pdp/ballon-en-aluminium-satine-bague-a-diamant-blanc-30-po-gonflement-a-l-helium-et-ruban-inclus-pour-mariage-fiancailles-8423927p.html,https://media-www.partycity.ca/product/seasonal-gardening/party-city-everyday/party-city-party-supplies-decor/8423927/376-wedding-rings-r-f59d0c22-6e34-46aa-ae35-4eb99ca5f17f-jpgrendition.jpg?im=whresize&wid=200&hei=200,https://media-www.partycity.ca/product/seasonal-gardening/party-city-everyday/party-city-party-supplies-decor/8423927/376-wedding-rings-r-f59d0c22-6e34-46aa-ae35-4eb99ca5f17f-jpgrendition.jpg?im=whresize&wid=200&hei=200,,8423927,842-3927-4,Il n’en reste que 4 #842-3927-4,Liquidation◊Hélium compris,82.75,"2,93","16,99"
51,"Kincardine, ON",Coussin de siège et dossier complet chauffant de 12 V AutoTrends,Coussin de siège et dossier complet chauffant de 12 V AutoTrends,20.93,"20,93 $",79.99,"Était±  79,99 $prix était 79,99 $",20.93,"20,93 $",20.93,"20,93 $",true,https://www.canadiantire.ca/fr/pdp/coussin-de-siege-et-dossier-complet-chauffant-de-12-v-autotrends-0323511p.html,https://www.canadiantire.ca/fr/pdp/coussin-de-siege-et-dossier-complet-chauffant-de-12-v-autotrends-0323511p.html,https://media-www.canadiantire.ca/product/automotive/car-care-accessories/auto-comfort/0323511/autotrends-heattech-heated-cushion-395454f6-989f-44f8-ad80-e33a9c15e02f-jpgrendition.jpg?im=whresize&wid=200&hei=200,https://media-www.canadiantire.ca/product/automotive/car-care-accessories/auto-comfort/0323511/autotrends-heattech-heated-cushion-395454f6-989f-44f8-ad80-e33a9c15e02f-jpgrendition.jpg?im=whresize&wid=200&hei=200,,0323511,032-3511-0,Il n’en reste que 1 #032-3511-0,Liquidation◊Exclusivité,73.83,"20,93","79,99"
51,"Kincardine, ON",Mèche de rechange pour radiateur au kérosène,Mèche de rechange pour radiateur au kérosène,3.93,"3,93 $",29.99,"Était±  29,99 $prix était 29,99 $",3.93,"3,93 $",3.93,"3,93 $",true,https://www.canadiantire.ca/fr/pdp/meche-de-rechange-pour-radiateur-au-kerosene-0762909p.html,https://www.canadiantire.ca/fr/pdp/meche-de-rechange-pour-radiateur-au-kerosene-0762909p.html,https://media-www.canadiantire.ca/product/playing/camping/camping-living/0762909/wick-for-convection-heater-2e164ae9-7f0b-4f73-8ca3-7249ed39a3c2-jpgrendition.jpg?im=whresize&wid=200&hei=200,https://media-www.canadiantire.ca/product/playing/camping/camping-living/0762909/wick-for-convection-heater-2e164ae9-7f0b-4f73-8ca3-7249ed39a3c2-jpgrendition.jpg?im=whresize&wid=200&hei=200,,0762909,076-2909-8,Il n’en reste que 1 #076-2909-8,Liquidation◊,86.9,"3,93","29,99"
51,"Kincardine, ON","Scie-cloche à pointe au carbure LENOX, 7/8 po","Scie-cloche à pointe au carbure LENOX, 7/8 po",9.93,"9,93 $",23.99,"Était±  23,99 $prix était 23,99 $",9.93,"9,93 $",9.93,"9,93 $",true,https://www.canadiantire.ca/fr/pdp/scie-cloche-a-pointe-au-carbure-lenox-7-8-po-0540763p.html,https://www.canadiantire.ca/fr/pdp/scie-cloche-a-pointe-au-carbure-lenox-7-8-po-0540763p.html,https://media-www.canadiantire.ca/product/fixing/tools/power-tool-accessories/0540763/lenox-carbide-tipped-hole-saw-7-8-22mm-e07de944-da2d-465b-9382-32c9f23b91e9-jpgrendition.jpg?im=whresize&wid=200&hei=200,https://media-www.canadiantire.ca/product/fixing/tools/power-tool-accessories/0540763/lenox-carbide-tipped-hole-saw-7-8-22mm-e07de944-da2d-465b-9382-32c9f23b91e9-jpgrendition.jpg?im=whresize&wid=200&hei=200,,0540763,054-0763-6,Il n’en reste que 1 #054-0763-6,Liquidation◊Exclusivité,58.61,"9,93","23,99"
51,"Kincardine, ON","Bluehive – Support d’extension universel pour téléphone intelligent, compatible avec la plupart des téléphones intelligents","Bluehive – Support d’extension universel pour téléphone intelligent, compatible avec la plupart des téléphones intelligents",4.93,"4,93 $",9.99,"Était±  9,99 $prix était 9,99 $",4.93,"4,93 $",4.93,"4,93 $",true,https://www.canadiantire.ca/fr/pdp/bluehive-support-d-extension-universel-pour-telephone-intelligent-compatible-avec-la-plupart-des-telephones-intelligents-0355434p.html,https://www.canadiantire.ca/fr/pdp/bluehive-support-d-extension-universel-pour-telephone-intelligent-compatible-avec-la-plupart-des-telephones-intelligents-0355434p.html,https://media-www.canadiantire.ca/product/automotive/car-care-accessories/auto-electronics/0355434/bluehive-universal-smartphone-laptop-extension-stand-a3f0b6be-1d5d-4329-8913-c2ec84f28d6d-jpgrendition.jpg?im=whresize&wid=200&hei=200,https://media-www.canadiantire.ca/product/automotive/car-care-accessories/auto-electronics/0355434/bluehive-universal-smartphone-laptop-extension-stand-a3f0b6be-1d5d-4329-8913-c2ec84f28d6d-jpgrendition.jpg?im=whresize&wid=200&hei=200,,0355434,035-5434-6,,Liquidation◊Exclusivité,50.65,"4,93","9,99"
51,"Kincardine, ON","Nappe pour fête d'anniversaire ajustée en vinyle à envers en flanelle 1er anniversaire avec motif de confettis, rose/or","Nappe pour fête d'anniversaire ajustée en vinyle à envers en flanelle 1er anniversaire avec motif de confettis, rose/or",3.93,"3,93 $",14.99,"Était±  14,99 $prix était 14,99 $",3.93,"3,93 $",3.93,"3,93 $",true,https://www.canadiantire.ca/fr/pdp/nappe-pour-fete-d-anniversaire-ajustee-en-vinyle-a-envers-en-flanelle-1er-anniversaire-avec-motif-de-confettis-rose-or-8423398p.html,https://www.canadiantire.ca/fr/pdp/nappe-pour-fete-d-anniversaire-ajustee-en-vinyle-a-envers-en-flanelle-1er-anniversaire-avec-motif-de-confettis-rose-or-8423398p.html,https://media-www.partycity.ca/product/seasonal-gardening/party-city-everyday/party-city-party-supplies-decor/8423398/tablefitter-girl-prem-a5e92db2-eda1-4428-b899-c8a869b87419-jpgrendition.jpg?im=whresize&wid=200&hei=200,https://media-www.partycity.ca/product/seasonal-gardening/party-city-everyday/party-city-party-supplies-decor/8423398/tablefitter-girl-prem-a5e92db2-eda1-4428-b899-c8a869b87419-jpgrendition.jpg?im=whresize&wid=200&hei=200,,8423398,842-3398-2,Il n’en reste que 1 #842-3398-2,Liquidation◊Mieux notés,73.78,"3,93","14,99"
51,"Kincardine, ON","Ampoule à filament unique à DEL intelligente Bluetooth à culot E26 Philips Hue A19, 530 lumens, ambre, 7 W","Ampoule à filament unique à DEL intelligente Bluetooth à culot E26 Philips Hue A19, 530 lumens, ambre, 7 W",19.93,"19,93 $",39.99,"Était±  39,99 $prix était 39,99 $",19.93,"19,93 $",19.93,"19,93 $",true,https://www.canadiantire.ca/fr/pdp/ampoule-a-filament-unique-a-del-intelligente-bluetooth-a-culot-e26-philips-hue-a19-530-lumens-ambre-7-w-1522546p.html,https://www.canadiantire.ca/fr/pdp/ampoule-a-filament-unique-a-del-intelligente-bluetooth-a-culot-e26-philips-hue-a19-530-lumens-ambre-7-w-1522546p.html,https://media-www.canadiantire.ca/product/fixing/electrical/light-bulbs/1522546/philips-hue-a19-led-filament-bulb-64497c33-2bcb-437a-afac-960d1edd3952.png?im=whresize&wid=200&hei=200,https://media-www.canadiantire.ca/product/fixing/electrical/light-bulbs/1522546/philips-hue-a19-led-filament-bulb-64497c33-2bcb-437a-afac-960d1edd3952.png?im=whresize&wid=200&hei=200,,1522546,152-2546-8,Il n’en reste que 2 #152-2546-8,Liquidation◊Mieux notés,50.16,"19,93","39,99"
51,"Kincardine, ON","Peinture pour automobile Dupli-Color Metal Specks, argent étincelant, 311 g","Peinture pour automobile Dupli-Color Metal Specks, argent étincelant, 311 g",13.93,"13,93 $",29.99,"29,99 $Était   et+ prix était à partir de 29,99 $",13.93,"13,93 $",13.93,"13,93 $",true,https://www.canadiantire.ca/fr/pdp/peinture-pour-automobile-dupli-color-metal-specks-argent-etincelant-311-g-0478394p.html,https://www.canadiantire.ca/fr/pdp/peinture-pour-automobile-dupli-color-metal-specks-argent-etincelant-311-g-0478394p.html,https://media-www.canadiantire.ca/product/automotive/car-care-accessories/auto-body-repair/0473702/metal-speck-burnt-copper-automotive-paint-bedc246c-c4a9-4112-b5f6-f6b0b04d28e1-jpgrendition.jpg?im=whresize&wid=200&hei=200,https://media-www.canadiantire.ca/product/automotive/car-care-accessories/auto-body-repair/0473702/metal-speck-burnt-copper-automotive-paint-bedc246c-c4a9-4112-b5f6-f6b0b04d28e1-jpgrendition.jpg?im=whresize&wid=200&hei=200,,0478394,047-3702,,Liquidation◊Mieux notés,53.55,"13,93","29,99"
51,"Kincardine, ON","Mousqueton pour bouteille d’eau Outbound, pour le camping, la randonnée et les sports de plein air","Mousqueton pour bouteille d’eau Outbound, pour le camping, la randonnée et les sports de plein air",2.93,"2,93 $",5.99,"Était±  5,99 $prix était 5,99 $",2.93,"2,93 $",2.93,"2,93 $",true,https://www.canadiantire.ca/fr/pdp/mousqueton-pour-bouteille-d-eau-outbound-pour-le-camping-la-randonnee-et-les-sports-de-plein-air-0765694p.html,https://www.canadiantire.ca/fr/pdp/mousqueton-pour-bouteille-d-eau-outbound-pour-le-camping-la-randonnee-et-les-sports-de-plein-air-0765694p.html,https://media-www.canadiantire.ca/product/playing/camping/camping-accessories/0765694/outbound-water-biner-211685d5-2872-435d-bea8-bb692e3bea4f-jpgrendition.jpg?im=whresize&wid=200&hei=200,https://media-www.canadiantire.ca/product/playing/camping/camping-accessories/0765694/outbound-water-biner-211685d5-2872-435d-bea8-bb692e3bea4f-jpgrendition.jpg?im=whresize&wid=200&hei=200,,0765694,076-5694-8,Il n’en reste que 5 #076-5694-8,Liquidation◊Exclusivité,51.09,"2,93","5,99"
51,"Kincardine, ON","Twist and Seal - Protecteur de connexion pour cordon lumineux, lot de 1","Twist and Seal - Protecteur de connexion pour cordon lumineux, lot de 1",0.43,"0,43 $",4.99,"Était±  4,99 $prix était 4,99 $",0.43,"0,43 $",0.43,"0,43 $",true,https://www.canadiantire.ca/fr/pdp/twist-and-seal-protecteur-de-connexion-pour-cordon-lumineux-lot-de-1-1513438p.html,https://www.canadiantire.ca/fr/pdp/twist-and-seal-protecteur-de-connexion-pour-cordon-lumineux-lot-de-1-1513438p.html,https://media-www.canadiantire.ca/product/seasonal-gardening/seasonal/christmas-lights-outdoor-decor/1513438/twist-and-seal-mini-55691523-04c2-4181-a7e1-dd2e88443567-jpgrendition.jpg?im=whresize&wid=200&hei=200,https://media-www.canadiantire.ca/product/seasonal-gardening/seasonal/christmas-lights-outdoor-decor/1513438/twist-and-seal-mini-55691523-04c2-4181-a7e1-dd2e88443567-jpgrendition.jpg?im=whresize&wid=200&hei=200,,1513438,151-3438-2,Il n’en reste que 1 #151-3438-2,Liquidation◊Exclusivité,91.38,"0,43","4,99"
51,"Kincardine, ON",Bottes basses en caoutchouc Outbound pour hommes avec tige imperméable,Bottes basses en caoutchouc Outbound pour hommes avec tige imperméable,34.93,"34,93 $",79.99,"79,99 $Était   et+ prix était à partir de 79,99 $",34.93,"34,93 $",34.93,"34,93 $",true,https://www.canadiantire.ca/fr/pdp/bottes-basses-en-caoutchouc-outbound-pour-hommes-avec-tige-impermeable-1873534p.html,https://www.canadiantire.ca/fr/pdp/bottes-basses-en-caoutchouc-outbound-pour-hommes-avec-tige-impermeable-1873534p.html,https://media-www.canadiantire.ca/product/playing/footwear-apparel/summer-footwear-apparel/1873534/outbound-men-s-low-cut-rubber-boots-size-7-35856273-b8a1-4b8f-abe9-6fd9a71ca607-jpgrendition.jpg?im=whresize&wid=200&hei=200,https://media-www.canadiantire.ca/product/playing/footwear-apparel/summer-footwear-apparel/1873534/outbound-men-s-low-cut-rubber-boots-size-7-35856273-b8a1-4b8f-abe9-6fd9a71ca607-jpgrendition.jpg?im=whresize&wid=200&hei=200,,1873534,187-3534,,Liquidation◊Exclusivité,56.33,"34,93","79,99"
51,"Kincardine, ON","Cric Bulldog carré, 8000 lb, 15 po","Cric Bulldog carré, 8000 lb, 15 po",94.93,"94,93 $",224.99,"Était±  224,99 $prix était 224,99 $",94.93,"94,93 $",94.93,"94,93 $",true,https://www.canadiantire.ca/fr/pdp/cric-bulldog-carre-8000-lb-15-po-0406922p.html,https://www.canadiantire.ca/fr/pdp/cric-bulldog-carre-8000-lb-15-po-0406922p.html,https://media-www.canadiantire.ca/product/automotive/automotive-outdoor-adventure/auto-travel-storage/0406922/bulldog-trailer-jack-8000-lb-15-in-weld-on-direct-mount-a5dea59e-3f0b-4a2e-a023-124fdf76ebcd-jpgrendition.jpg?im=whresize&wid=200&hei=200,https://media-www.canadiantire.ca/product/automotive/automotive-outdoor-adventure/auto-travel-storage/0406922/bulldog-trailer-jack-8000-lb-15-in-weld-on-direct-mount-a5dea59e-3f0b-4a2e-a023-124fdf76ebcd-jpgrendition.jpg?im=whresize&wid=200&hei=200,,0406922,040-6922-4,Il n’en reste que 1 #040-6922-4,Liquidation◊,57.81,"94,93","224,99"
51,"Kincardine, ON","Décoration d'entrée lapin de Pâques, 36 po","Décoration d'entrée lapin de Pâques, 36 po",8.93,"8,93 $",24.99,"Était±  24,99 $prix était 24,99 $",8.93,"8,93 $",8.93,"8,93 $",true,https://www.canadiantire.ca/fr/pdp/decoration-d-entree-lapin-de-paques-36-po-1519526p.html,https://www.canadiantire.ca/fr/pdp/decoration-d-entree-lapin-de-paques-36-po-1519526p.html,https://media-www.canadiantire.ca/product/seasonal-gardening/party-city-seasonal/party-city-micro-season-decor/1519526/easter-36-bunny-porch-greeter-6e4b266a-299f-451e-a573-8d28c213a00b-jpgrendition.jpg?im=whresize&wid=200&hei=200,https://media-www.canadiantire.ca/product/seasonal-gardening/party-city-seasonal/party-city-micro-season-decor/1519526/easter-36-bunny-porch-greeter-6e4b266a-299f-451e-a573-8d28c213a00b-jpgrendition.jpg?im=whresize&wid=200&hei=200,,1519526,151-9526-6,Il n’en reste que 2 #151-9526-6,Liquidation◊Mieux notés,64.27,"8,93","24,99"
51,"Kincardine, ON","NOMA - Ampoules de rechange pour guirlande de Noël, 5 mini ampoules LED, blanc froid","NOMA - Ampoules de rechange pour guirlande de Noël, 5 mini ampoules LED, blanc froid",1.43,"1,43 $",4.99,"Était±  4,99 $prix était 4,99 $",1.43,"1,43 $",1.43,"1,43 $",true,https://www.canadiantire.ca/fr/pdp/noma-ampoules-de-rechange-pour-guirlande-de-noel-5-mini-ampoules-led-blanc-froid-1513589p.html,https://www.canadiantire.ca/fr/pdp/noma-ampoules-de-rechange-pour-guirlande-de-noel-5-mini-ampoules-led-blanc-froid-1513589p.html,https://media-www.canadiantire.ca/product/seasonal-gardening/seasonal/christmas-lights-outdoor-decor/1513589/noma-mini-led-replacement-bulbs-cool-white-a22c58fe-6626-4bbf-ab88-2576fe1db3ae-jpgrendition.jpg?im=whresize&wid=200&hei=200,https://media-www.canadiantire.ca/product/seasonal-gardening/seasonal/christmas-lights-outdoor-decor/1513589/noma-mini-led-replacement-bulbs-cool-white-a22c58fe-6626-4bbf-ab88-2576fe1db3ae-jpgrendition.jpg?im=whresize&wid=200&hei=200,,1513589,151-3589-2,Il n’en reste que 4 #151-3589-2,Liquidation◊Exclusivité,71.34,"1,43","4,99"
51,"Kincardine, ON","Trousse d'ouvre-porte de garage universel sans fil Skylink, concentrateur Wi-Fi","Trousse d'ouvre-porte de garage universel sans fil Skylink, concentrateur Wi-Fi",9.93,"9,93 $",99.99,"Était±  99,99 $prix était 99,99 $",9.93,"9,93 $",9.93,"9,93 $",true,https://www.canadiantire.ca/fr/pdp/trousse-d-ouvre-porte-de-garage-universel-sans-fil-skylink-concentrateur-wi-fi-0460579p.html,https://www.canadiantire.ca/fr/pdp/trousse-d-ouvre-porte-de-garage-universel-sans-fil-skylink-concentrateur-wi-fi-0460579p.html,https://media-www.canadiantire.ca/product/fixing/tools/garage-organization/0460579/nova-garage-door-wi-fi-retrofit-kit-0ffc88e9-6f77-4526-93b6-491d025ce5ae.png?im=whresize&wid=200&hei=200,https://media-www.canadiantire.ca/product/fixing/tools/garage-organization/0460579/nova-garage-door-wi-fi-retrofit-kit-0ffc88e9-6f77-4526-93b6-491d025ce5ae.png?im=whresize&wid=200&hei=200,,0460579,046-0579-6,Il n’en reste que 1 #046-0579-6,Liquidation◊,90.07,"9,93","99,99"
51,"Kincardine, ON","Costume DC Birds of Prey Harley Quinn, femmes, combinaison rose/or avec chemise, tailles variées","Costume DC Birds of Prey Harley Quinn, femmes, combinaison rose/or avec chemise, tailles variées",9.93,"9,93 $",49.99,"49,99 $Était   et+ prix était à partir de 49,99 $",9.93,"9,93 $",9.93,"9,93 $",true,https://www.canadiantire.ca/fr/pdp/costume-dc-birds-of-prey-harley-quinn-femmes-combinaison-rose-or-avec-chemise-tailles-variees-8510133p.html,https://www.canadiantire.ca/fr/pdp/costume-dc-birds-of-prey-harley-quinn-femmes-combinaison-rose-or-avec-chemise-tailles-variees-8510133p.html,https://media-www.canadiantire.ca/product/seasonal-gardening/party-city-seasonal/party-city-halloween-and-fall-decor/8510133/546-pcx-adult-birds-of-prey-harley-quinn-costume-small-2fa2a8cc-9a76-4997-a2c3-9a46b443677f-jpgrendition.jpg?im=whresize&wid=200&hei=200,https://media-www.canadiantire.ca/product/seasonal-gardening/party-city-seasonal/party-city-halloween-and-fall-decor/8510133/546-pcx-adult-birds-of-prey-harley-quinn-costume-small-2fa2a8cc-9a76-4997-a2c3-9a46b443677f-jpgrendition.jpg?im=whresize&wid=200&hei=200,,8510133,851-0133,,Liquidation◊,80.14,"9,93","49,99"
51,"Kincardine, ON","Balançoire à bascule rotative à 360 degrés en métal Plum, 3 ans et plus","Balançoire à bascule rotative à 360 degrés en métal Plum, 3 ans et plus",49.93,"49,93 $",99.99,"Était±  99,99 $prix était 99,99 $",49.93,"49,93 $",49.93,"49,93 $",true,https://www.canadiantire.ca/fr/pdp/balancoire-a-bascule-rotative-a-360-degres-en-metal-plum-3-ans-et-plus-1840750p.html,https://www.canadiantire.ca/fr/pdp/balancoire-a-bascule-rotative-a-360-degres-en-metal-plum-3-ans-et-plus-1840750p.html,https://media-www.canadiantire.ca/product/seasonal-gardening/backyard-fun/backyard-amusement/1840750/plum-metal-see-saw-7a945577-de59-4f16-b7fc-c76ef0fa487f-jpgrendition.jpg?im=whresize&wid=200&hei=200,https://media-www.canadiantire.ca/product/seasonal-gardening/backyard-fun/backyard-amusement/1840750/plum-metal-see-saw-7a945577-de59-4f16-b7fc-c76ef0fa487f-jpgrendition.jpg?im=whresize&wid=200&hei=200,,1840750,184-0750-6,Il n’en reste que 2 #184-0750-6,Liquidation◊Exclusivité,50.07,"49,93","99,99"
51,"Kincardine, ON",Casque d'hiver Pat'Patrouille pour enfants,Casque d'hiver Pat'Patrouille pour enfants,19.93,"19,93 $",41.99,"Était±  41,99 $prix était 41,99 $",19.93,"19,93 $",19.93,"19,93 $",true,https://www.canadiantire.ca/fr/pdp/casque-d-hiver-pat-patrouille-pour-enfants-0820214p.html,https://www.canadiantire.ca/fr/pdp/casque-d-hiver-pat-patrouille-pour-enfants-0820214p.html,https://media-www.canadiantire.ca/product/playing/seasonal-recreation/winter-recreation/0820214/paw-patrol-child-snow-helmet-2e555b16-bc47-473c-b218-5557dab78572.png?im=whresize&wid=200&hei=200,https://media-www.canadiantire.ca/product/playing/seasonal-recreation/winter-recreation/0820214/paw-patrol-child-snow-helmet-2e555b16-bc47-473c-b218-5557dab78572.png?im=whresize&wid=200&hei=200,,0820214,082-0214-6,Il n’en reste que 2 #082-0214-6,Liquidation◊,52.54,"19,93","41,99"
51,"Kincardine, ON",Chaise longue empilable en toile CANVAS Bernier,Chaise longue empilable en toile CANVAS Bernier,149.99,"149,99 $",299.99,"Était±  299,99 $prix était 299,99 $",149.99,"149,99 $",149.99,"149,99 $",true,https://www.canadiantire.ca/fr/pdp/chaise-longue-empilable-en-toile-canvas-bernier-1881388p.html,https://www.canadiantire.ca/fr/pdp/chaise-longue-empilable-en-toile-canvas-bernier-1881388p.html,https://media-www.canadiantire.ca/product/seasonal-gardening/backyard-living/outdoor-furniture/1881388/canvas-bernier-stackable-sling-lounger-f97edf76-92f0-4a57-843c-a3587e777bc0-jpgrendition.jpg?im=whresize&wid=200&hei=200,https://media-www.canadiantire.ca/product/seasonal-gardening/backyard-living/outdoor-furniture/1881388/canvas-bernier-stackable-sling-lounger-f97edf76-92f0-4a57-843c-a3587e777bc0-jpgrendition.jpg?im=whresize&wid=200&hei=200,,1881388,188-1388-6,Il n’en reste que 3 #188-1388-6,Liquidation◊Exclusivité,50,"149,99","299,99"
51,"Kincardine, ON","Plafonnier à 4 lampes avec abat-jour en cristal NOMA Cora, chrome","Plafonnier à 4 lampes avec abat-jour en cristal NOMA Cora, chrome",69.93,"69,93 $",139.99,"Était±  139,99 $prix était 139,99 $",69.93,"69,93 $",69.93,"69,93 $",true,https://www.canadiantire.ca/fr/pdp/plafonnier-a-4-lampes-avec-abat-jour-en-cristal-noma-cora-chrome-0528001p.html,https://www.canadiantire.ca/fr/pdp/plafonnier-a-4-lampes-avec-abat-jour-en-cristal-noma-cora-chrome-0528001p.html,https://media-www.canadiantire.ca/product/living/home-decor/lighting/0528001/track-4-light-canopy-cora-038278df-36de-44e8-acd6-3a767ca802cd-jpgrendition.jpg?im=whresize&wid=200&hei=200,https://media-www.canadiantire.ca/product/living/home-decor/lighting/0528001/track-4-light-canopy-cora-038278df-36de-44e8-acd6-3a767ca802cd-jpgrendition.jpg?im=whresize&wid=200&hei=200,,0528001,052-8001-6,Il n’en reste que 2 #052-8001-6,Liquidation◊Mieux notés,50.05,"69,93","139,99"
51,"Kincardine, ON",Coussin chauffant pour pêche blanche HT Thermseat,Coussin chauffant pour pêche blanche HT Thermseat,7.93,"7,93 $",15.99,"Était±  15,99 $prix était 15,99 $",7.93,"7,93 $",7.93,"7,93 $",true,https://www.canadiantire.ca/fr/pdp/coussin-chauffant-pour-peche-blanche-ht-thermseat-0788219p.html,https://www.canadiantire.ca/fr/pdp/coussin-chauffant-pour-peche-blanche-ht-thermseat-0788219p.html,https://media-www.canadiantire.ca/product/playing/fishing/ice-fishing/0788219/ht-thermseat-heat-cushion-28659868-931c-4d01-a339-9f4cb294b0ec-jpgrendition.jpg?im=whresize&wid=200&hei=200,https://media-www.canadiantire.ca/product/playing/fishing/ice-fishing/0788219/ht-thermseat-heat-cushion-28659868-931c-4d01-a339-9f4cb294b0ec-jpgrendition.jpg?im=whresize&wid=200&hei=200,,0788219,078-8219-0,Il n’en reste que 1 #078-8219-0,Liquidation◊,50.41,"7,93","15,99"
51,"Kincardine, ON","Scellant à base de silicone GE Re-New pour cuisine et salle de bains, avec applicateur auto-lissant, blanc, 280 mL","Scellant à base de silicone GE Re-New pour cuisine et salle de bains, avec applicateur auto-lissant, blanc, 280 mL",9.93,"9,93 $",19.99,"Était±  19,99 $prix était 19,99 $",9.93,"9,93 $",9.93,"9,93 $",true,https://www.canadiantire.ca/fr/pdp/scellant-a-base-de-silicone-ge-re-new-pour-cuisine-et-salle-de-bains-avec-applicateur-auto-lissant-blanc-280-ml-0641694p.html,https://www.canadiantire.ca/fr/pdp/scellant-a-base-de-silicone-ge-re-new-pour-cuisine-et-salle-de-bains-avec-applicateur-auto-lissant-blanc-280-ml-0641694p.html,https://media-www.canadiantire.ca/product/fixing/paint/surface-prep-maintenance/0641694/ge-renew-kitchen-and-bath-sealant-280ml-30e3d96d-4ccf-42a2-a805-8f4434357fd7-jpgrendition.jpg?im=whresize&wid=200&hei=200,https://media-www.canadiantire.ca/product/fixing/paint/surface-prep-maintenance/0641694/ge-renew-kitchen-and-bath-sealant-280ml-30e3d96d-4ccf-42a2-a805-8f4434357fd7-jpgrendition.jpg?im=whresize&wid=200&hei=200,,0641694,064-1694-0,Il n’en reste que 1 #064-1694-0,Liquidation◊,50.33,"9,93","19,99"
51,"Kincardine, ON",Caméra de recul type S à montage flexible avec écran de 5 po,Caméra de recul type S à montage flexible avec écran de 5 po,125.93,"125,93 $",299.99,"Était±  299,99 $prix était 299,99 $",125.93,"125,93 $",125.93,"125,93 $",true,https://www.canadiantire.ca/fr/pdp/camera-de-recul-type-s-a-montage-flexible-avec-ecran-de-5-po-0350183p.html,https://www.canadiantire.ca/fr/pdp/camera-de-recul-type-s-a-montage-flexible-avec-ecran-de-5-po-0350183p.html,https://media-www.canadiantire.ca/product/automotive/car-care-accessories/auto-electronics/0350183/type-s-flex-mount-5-backup-camera-c6057e28-17ee-48d8-bc9e-1cc2ee79c1f3-jpgrendition.jpg?im=whresize&wid=200&hei=200,https://media-www.canadiantire.ca/product/automotive/car-care-accessories/auto-electronics/0350183/type-s-flex-mount-5-backup-camera-c6057e28-17ee-48d8-bc9e-1cc2ee79c1f3-jpgrendition.jpg?im=whresize&wid=200&hei=200,,0350183,035-0183-2,Il n’en reste que 2 #035-0183-2,Liquidation◊,58.02,"125,93","299,99"
51,"Kincardine, ON","Chaussures de curling Goldline Breeze, hommes, glissière en téflon de 3/32 po et pince en caoutchouc, noir, choix de tailles","Chaussures de curling Goldline Breeze, hommes, glissière en téflon de 3/32 po et pince en caoutchouc, noir, choix de tailles",49.93,"49,93 $",149.99,"149,99 $Était   et+ prix était à partir de 149,99 $",49.93,"49,93 $",49.93,"49,93 $",true,https://www.canadiantire.ca/fr/pdp/chaussures-de-curling-goldline-breeze-hommes-glissiere-en-teflon-de-3-32-po-et-pince-en-caoutchouc-noir-choix-de-tailles-1840053p.html,https://www.canadiantire.ca/fr/pdp/chaussures-de-curling-goldline-breeze-hommes-glissiere-en-teflon-de-3-32-po-et-pince-en-caoutchouc-noir-choix-de-tailles-1840053p.html,https://media-www.canadiantire.ca/product/playing/team-sports-and-golf/sports-equipment-accessories/1840054/men-s-breeze-curling-shoe-size-10-aeffda75-3946-44f3-84ea-31a9f48cda4d-jpgrendition.jpg?im=whresize&wid=200&hei=200,https://media-www.canadiantire.ca/product/playing/team-sports-and-golf/sports-equipment-accessories/1840054/men-s-breeze-curling-shoe-size-10-aeffda75-3946-44f3-84ea-31a9f48cda4d-jpgrendition.jpg?im=whresize&wid=200&hei=200,,1840053,184-0053,,Liquidation◊Mieux notés,66.71,"49,93","149,99"
51,"Kincardine, ON","Pellicules de rangement à la cire d'abeille Core Home, paq. 3","Pellicules de rangement à la cire d'abeille Core Home, paq. 3",4.93,"4,93 $",14.99,"Était±  14,99 $prix était 14,99 $",4.93,"4,93 $",4.93,"4,93 $",true,https://www.canadiantire.ca/fr/pdp/pellicules-de-rangement-a-la-cire-d-abeille-core-home-paq-3-1429244p.html,https://www.canadiantire.ca/fr/pdp/pellicules-de-rangement-a-la-cire-d-abeille-core-home-paq-3-1429244p.html,https://media-www.canadiantire.ca/product/living/kitchen/food-storage/1429244/core-home-beeswax-reusable-food-wrap-3-pack-5648d696-b167-4ec9-b864-59d24afd92c0-jpgrendition.jpg?im=whresize&wid=200&hei=200,https://media-www.canadiantire.ca/product/living/kitchen/food-storage/1429244/core-home-beeswax-reusable-food-wrap-3-pack-5648d696-b167-4ec9-b864-59d24afd92c0-jpgrendition.jpg?im=whresize&wid=200&hei=200,,1429244,142-9244-8,Il n’en reste que 2 #142-9244-8,Liquidation◊,67.11,"4,93","14,99"
51,"Kincardine, ON",Tasse et préparation de chocolat chaud Elf,Tasse et préparation de chocolat chaud Elf,9.99,"9,99 $",19.99,"Était±  19,99 $prix était 19,99 $",9.99,"9,99 $",9.99,"9,99 $",true,https://www.canadiantire.ca/fr/pdp/tasse-et-preparation-de-chocolat-chaud-elf-1519627p.html,https://www.canadiantire.ca/fr/pdp/tasse-et-preparation-de-chocolat-chaud-elf-1519627p.html,https://media-www.canadiantire.ca/product/living/food-drink/seasonal-confectionery/1519627/elf-cocoa-and-mug-boxed-set-7a565408-46b8-4e8f-8062-b0f95547c611-jpgrendition.jpg?im=whresize&wid=200&hei=200,https://media-www.canadiantire.ca/product/living/food-drink/seasonal-confectionery/1519627/elf-cocoa-and-mug-boxed-set-7a565408-46b8-4e8f-8062-b0f95547c611-jpgrendition.jpg?im=whresize&wid=200&hei=200,,1519627,151-9627-6,Il n’en reste que 1 #151-9627-6,Liquidation◊,50.03,"9,99","19,99"
51,"Kincardine, ON",Bulbe de crocus Sieberi tricolore Bulbs Are Easy,Bulbe de crocus Sieberi tricolore Bulbs Are Easy,4.49,"4,49 $",8.99,"Était±  8,99 $prix était 8,99 $",4.49,"4,49 $",4.49,"4,49 $",true,https://www.canadiantire.ca/fr/pdp/bulbe-de-crocus-sieberi-tricolore-bulbs-are-easy-0596240p.html,https://www.canadiantire.ca/fr/pdp/bulbe-de-crocus-sieberi-tricolore-bulbs-are-easy-0596240p.html,https://media-www.canadiantire.ca/product/seasonal-gardening/gardening/dormant-goods/0596240/crocus-sieberi-tricolor-bulb-cc8f5b11-64b6-4fa3-b40e-46f02313432f-jpgrendition.jpg?im=whresize&wid=200&hei=200,https://media-www.canadiantire.ca/product/seasonal-gardening/gardening/dormant-goods/0596240/crocus-sieberi-tricolor-bulb-cc8f5b11-64b6-4fa3-b40e-46f02313432f-jpgrendition.jpg?im=whresize&wid=200&hei=200,,0596240,059-6240-4,,Liquidation◊Mieux notés,50.06,"4,49","8,99"
51,"Kincardine, ON","Ensemble à dîner CANVAS Trent, 5 pièces","Ensemble à dîner CANVAS Trent, 5 pièces",629.93,"629,93 $",1299.99,"Était±  1 299,99 $prix était 1 299,99 $",629.93,"629,93 $",629.93,"629,93 $",true,https://www.canadiantire.ca/fr/pdp/ensemble-a-diner-canvas-trent-5-pieces-1881392p.html,https://www.canadiantire.ca/fr/pdp/ensemble-a-diner-canvas-trent-5-pieces-1881392p.html,https://media-www.canadiantire.ca/product/seasonal-gardening/backyard-living/outdoor-furniture/1881392/canvas-trent-5-piece-dining-set-d43da3f4-a4da-4a5a-af72-5569b2bb5eee-jpgrendition.jpg?im=whresize&wid=200&hei=200,https://media-www.canadiantire.ca/product/seasonal-gardening/backyard-living/outdoor-furniture/1881392/canvas-trent-5-piece-dining-set-d43da3f4-a4da-4a5a-af72-5569b2bb5eee-jpgrendition.jpg?im=whresize&wid=200&hei=200,,1881392,188-1392-4,,Liquidation◊Exclusivité,51.54,"629,93","1299,99"
51,"Kincardine, ON","Bottes en silicone pour chiens Petco, à l'épreuve de l'eau, moyen, jaune","Bottes en silicone pour chiens Petco, à l'épreuve de l'eau, moyen, jaune",9.93,"9,93 $",19.99,"Était±  19,99 $prix était 19,99 $",9.93,"9,93 $",9.93,"9,93 $",true,https://www.canadiantire.ca/fr/pdp/bottes-en-silicone-pour-chiens-petco-a-l-epreuve-de-l-eau-moyen-jaune-1424713p.html,https://www.canadiantire.ca/fr/pdp/bottes-en-silicone-pour-chiens-petco-a-l-epreuve-de-l-eau-moyen-jaune-1424713p.html,https://media-www.canadiantire.ca/product/living/pet-care/pet-accessories/1424713/petco-yellow-silicone-dog-boots-medium-e18ad9f4-ae32-4f76-bac7-01b58fd1cdc7-jpgrendition.jpg?im=whresize&wid=200&hei=200,https://media-www.canadiantire.ca/product/living/pet-care/pet-accessories/1424713/petco-yellow-silicone-dog-boots-medium-e18ad9f4-ae32-4f76-bac7-01b58fd1cdc7-jpgrendition.jpg?im=whresize&wid=200&hei=200,,1424713,142-4713-2,Il n’en reste que 3 #142-4713-2,Liquidation◊Exclusivité,50.33,"9,93","19,99"
51,"Kincardine, ON","Récepteur stéréo numérique pour l'auto de Sondpex, Bluetooth, radio AM/FM, entrées auxiliaires","Récepteur stéréo numérique pour l'auto de Sondpex, Bluetooth, radio AM/FM, entrées auxiliaires",79.93,"79,93 $",159.99,"Était±  159,99 $prix était 159,99 $",79.93,"79,93 $",79.93,"79,93 $",true,https://www.canadiantire.ca/fr/pdp/recepteur-stereo-numerique-pour-l-auto-de-sondpex-bluetooth-radio-am-fm-entrees-auxiliaires-0355400p.html,https://www.canadiantire.ca/fr/pdp/recepteur-stereo-numerique-pour-l-auto-de-sondpex-bluetooth-radio-am-fm-entrees-auxiliaires-0355400p.html,https://media-www.canadiantire.ca/product/automotive/car-care-accessories/auto-electronics/0355400/sondpex-car-stereo-bundle-f539f524-6166-4d59-84f4-016fa124be54-jpgrendition.jpg?im=whresize&wid=200&hei=200,https://media-www.canadiantire.ca/product/automotive/car-care-accessories/auto-electronics/0355400/sondpex-car-stereo-bundle-f539f524-6166-4d59-84f4-016fa124be54-jpgrendition.jpg?im=whresize&wid=200&hei=200,,0355400,035-5400-6,Il n’en reste que 1 #035-5400-6,Liquidation◊,50.04,"79,93","159,99"
51,"Kincardine, ON","Île flottante gonflable pour 6 personnes pour rivière/lac avec pare-soleil HydroForce Sunny Lounge, vert/jaune","Île flottante gonflable pour 6 personnes pour rivière/lac avec pare-soleil HydroForce Sunny Lounge, vert/jaune",139.93,"139,93 $",299.99,"Était±  299,99 $prix était 299,99 $",139.93,"139,93 $",139.93,"139,93 $",true,https://www.canadiantire.ca/fr/pdp/ile-flottante-gonflable-pour-6-personnes-pour-riviere-lac-avec-pare-soleil-hydroforce-sunny-lounge-vert-jaune-0797165p.html,https://www.canadiantire.ca/fr/pdp/ile-flottante-gonflable-pour-6-personnes-pour-riviere-lac-avec-pare-soleil-hydroforce-sunny-lounge-vert-jaune-0797165p.html,https://media-www.canadiantire.ca/product/playing/seasonal-recreation/marine-water-fun/0797165/hydroforce-sunny-lounge-party-island-6-person-1d5f89f0-aee0-4c82-87ee-388e48abc1ee-jpgrendition.jpg?im=whresize&wid=200&hei=200,https://media-www.canadiantire.ca/product/playing/seasonal-recreation/marine-water-fun/0797165/hydroforce-sunny-lounge-party-island-6-person-1d5f89f0-aee0-4c82-87ee-388e48abc1ee-jpgrendition.jpg?im=whresize&wid=200&hei=200,,0797165,079-7165-0,Il n’en reste que 2 #079-7165-0,Liquidation◊Exclusivité,53.36,"139,93","299,99"
51,"Kincardine, ON","Forets et embouts au titane à 7 arêtes MAXIMUM Precision Point, pour bois, métal, plastique, paq. 10","Forets et embouts au titane à 7 arêtes MAXIMUM Precision Point, pour bois, métal, plastique, paq. 10",7.93,"7,93 $",29.99,"29,99 $Était   et+ prix était à partir de 29,99 $",7.93,"7,93 $",7.93,"7,93 $",true,https://www.canadiantire.ca/fr/pdp/forets-et-embouts-au-titane-a-7-aretes-maximum-precision-point-pour-bois-metal-plastique-paq-10-0540308p.html,https://www.canadiantire.ca/fr/pdp/forets-et-embouts-au-titane-a-7-aretes-maximum-precision-point-pour-bois-metal-plastique-paq-10-0540308p.html,https://media-www.canadiantire.ca/product/fixing/tools/power-tool-accessories/0540310/maximum-1-8-7-edge-titanium-drill-bit-10-pk-3d476a87-170d-4a7a-9c1d-5827db29c6c6-jpgrendition.jpg?im=whresize&wid=200&hei=200,https://media-www.canadiantire.ca/product/fixing/tools/power-tool-accessories/0540310/maximum-1-8-7-edge-titanium-drill-bit-10-pk-3d476a87-170d-4a7a-9c1d-5827db29c6c6-jpgrendition.jpg?im=whresize&wid=200&hei=200,,0540308,054-0308,,Liquidation◊Exclusivité,73.56,"7,93","29,99"
51,"Kincardine, ON",Bulbes de tulipe variété perroquet Estella Rijnveld Bulbs Are Easy,Bulbes de tulipe variété perroquet Estella Rijnveld Bulbs Are Easy,4.49,"4,49 $",8.99,"Était±  8,99 $prix était 8,99 $",4.49,"4,49 $",4.49,"4,49 $",true,https://www.canadiantire.ca/fr/pdp/bulbes-de-tulipe-variete-perroquet-estella-rijnveld-bulbs-are-easy-0596218p.html,https://www.canadiantire.ca/fr/pdp/bulbes-de-tulipe-variete-perroquet-estella-rijnveld-bulbs-are-easy-0596218p.html,https://media-www.canadiantire.ca/product/seasonal-gardening/gardening/dormant-goods/0596218/tulip-parrot-estella-rijnveld-bulb-94ad1d45-fc6f-4044-8dc4-aed7f0edfa55-jpgrendition.jpg?im=whresize&wid=200&hei=200,https://media-www.canadiantire.ca/product/seasonal-gardening/gardening/dormant-goods/0596218/tulip-parrot-estella-rijnveld-bulb-94ad1d45-fc6f-4044-8dc4-aed7f0edfa55-jpgrendition.jpg?im=whresize&wid=200&hei=200,,0596218,059-6218-0,,Liquidation◊Mieux notés,50.06,"4,49","8,99"
51,"Kincardine, ON",Gants de sport d'hiver cyclisme course tout-aller extensibles pour écran tactile Outbound pour hommes,Gants de sport d'hiver cyclisme course tout-aller extensibles pour écran tactile Outbound pour hommes,11.93,"11,93 $",27.99,"27,99 $Était   et+ prix était à partir de 27,99 $",11.93,"11,93 $",11.93,"11,93 $",true,https://www.canadiantire.ca/fr/pdp/gants-de-sport-d-hiver-cyclisme-course-tout-aller-extensibles-pour-ecran-tactile-outbound-pour-hommes-1871559p.html,https://www.canadiantire.ca/fr/pdp/gants-de-sport-d-hiver-cyclisme-course-tout-aller-extensibles-pour-ecran-tactile-outbound-pour-hommes-1871559p.html,https://media-www.canadiantire.ca/product/playing/footwear-apparel/winter-footwear-apparel/1871559/outbound-men-s-touch-gloves-s-m-6b454f9a-dbbc-437f-9f3d-a00046c329f4-jpgrendition.jpg?im=whresize&wid=200&hei=200,https://media-www.canadiantire.ca/product/playing/footwear-apparel/winter-footwear-apparel/1871559/outbound-men-s-touch-gloves-s-m-6b454f9a-dbbc-437f-9f3d-a00046c329f4-jpgrendition.jpg?im=whresize&wid=200&hei=200,,1871559,187-1559,,Liquidation◊Exclusivité,57.38,"11,93","27,99"
51,"Kincardine, ON","Balle rebondissante à DEL Light Ups Sky Ball, multicolore, choix variés, 6 ans et plus, pour activités estivales et d'extérieur","Balle rebondissante à DEL Light Ups Sky Ball, multicolore, choix variés, 6 ans et plus, pour activités estivales et d'extérieur",4.43,"4,43 $",9.99,"Était±  9,99 $prix était 9,99 $",4.43,"4,43 $",4.43,"4,43 $",true,https://www.canadiantire.ca/fr/pdp/balle-rebondissante-a-del-light-ups-sky-ball-multicolore-choix-varies-6-ans-et-plus-pour-activites-estivales-et-d-exterieur-0509124p.html,https://www.canadiantire.ca/fr/pdp/balle-rebondissante-a-del-light-ups-sky-ball-multicolore-choix-varies-6-ans-et-plus-pour-activites-estivales-et-d-exterieur-0509124p.html,https://media-www.canadiantire.ca/product/seasonal-gardening/toys/seasonal-toys/0509124/skyball-0df956eb-7539-4ca7-aa53-b3bd9ce2ee25-jpgrendition.jpg?im=whresize&wid=200&hei=200,https://media-www.canadiantire.ca/product/seasonal-gardening/toys/seasonal-toys/0509124/skyball-0df956eb-7539-4ca7-aa53-b3bd9ce2ee25-jpgrendition.jpg?im=whresize&wid=200&hei=200,,0509124,050-9124-2,,Liquidation◊,55.66,"4,43","9,99"
51,"Kincardine, ON","Lustre à 6 lampes verre fumé CANVAS Spira, métal noir","Lustre à 6 lampes verre fumé CANVAS Spira, métal noir",74.93,"74,93 $",299.99,"Était±  299,99 $prix était 299,99 $",74.93,"74,93 $",74.93,"74,93 $",true,https://www.canadiantire.ca/fr/pdp/lustre-a-6-lampes-verre-fume-canvas-spira-metal-noir-0521415p.html,https://www.canadiantire.ca/fr/pdp/lustre-a-6-lampes-verre-fume-canvas-spira-metal-noir-0521415p.html,https://media-www.canadiantire.ca/product/living/home-decor/lighting/0521415/canvas-spira-smoked-glass-chandelier-6ccfc7d8-7489-4100-b391-a8afea630dd5-jpgrendition.jpg?im=whresize&wid=200&hei=200,https://media-www.canadiantire.ca/product/living/home-decor/lighting/0521415/canvas-spira-smoked-glass-chandelier-6ccfc7d8-7489-4100-b391-a8afea630dd5-jpgrendition.jpg?im=whresize&wid=200&hei=200,,0521415,052-1415-4,Il n’en reste que 2 #052-1415-4,Liquidation◊Exclusivité,75.02,"74,93","299,99"
51,"Kincardine, ON","Casque de sécurité pour ski/planche à neige à molette réglable pour hommes/femmes Decibel, noir","Casque de sécurité pour ski/planche à neige à molette réglable pour hommes/femmes Decibel, noir",39.93,"39,93 $",79.99,"Était±  79,99 $prix était 79,99 $",39.93,"39,93 $",39.93,"39,93 $",true,https://www.canadiantire.ca/fr/pdp/casque-de-securite-pour-ski-planche-a-neige-a-molette-reglable-pour-hommes-femmes-decibel-noir-0821057p.html,https://www.canadiantire.ca/fr/pdp/casque-de-securite-pour-ski-planche-a-neige-a-molette-reglable-pour-hommes-femmes-decibel-noir-0821057p.html,https://media-www.canadiantire.ca/product/playing/seasonal-recreation/winter-recreation/0821057/decibel-adult-helmet-m-l-ba447978-48ce-41b9-81ad-7dab3713dadb-jpgrendition.jpg?im=whresize&wid=200&hei=200,https://media-www.canadiantire.ca/product/playing/seasonal-recreation/winter-recreation/0821057/decibel-adult-helmet-m-l-ba447978-48ce-41b9-81ad-7dab3713dadb-jpgrendition.jpg?im=whresize&wid=200&hei=200,,0821057,082-1057-4,Il n’en reste que 1 #082-1057-4,Liquidation◊Mieux notés,50.08,"39,93","79,99"
51,"Kincardine, ON","Casque d'écoute de surveillance résistant à l'eau Cobra MicroTalk, baie","Casque d'écoute de surveillance résistant à l'eau Cobra MicroTalk, baie",20.93,"20,93 $",49.99,"Était±  49,99 $prix était 49,99 $",20.93,"20,93 $",20.93,"20,93 $",true,https://www.canadiantire.ca/fr/pdp/casque-d-ecoute-de-surveillance-resistant-a-l-eau-cobra-microtalk-baie-0695011p.html,https://www.canadiantire.ca/fr/pdp/casque-d-ecoute-de-surveillance-resistant-a-l-eau-cobra-microtalk-baie-0695011p.html,https://media-www.canadiantire.ca/product/automotive/electronics/home-electronics/0695011/cobra-ga-sv01-surveillance-headset-with-microphone-e13faaff-4eb8-44d4-a9de-ec524031b82b-jpgrendition.jpg?im=whresize&wid=200&hei=200,https://media-www.canadiantire.ca/product/automotive/electronics/home-electronics/0695011/cobra-ga-sv01-surveillance-headset-with-microphone-e13faaff-4eb8-44d4-a9de-ec524031b82b-jpgrendition.jpg?im=whresize&wid=200&hei=200,,0695011,069-5011-2,Il n’en reste que 1 #069-5011-2,Liquidation◊Mieux notés,58.13,"20,93","49,99"
51,"Kincardine, ON","Ensemble de jeu pliant de camion de pompier Dickie Toys, 3 ans et plus","Ensemble de jeu pliant de camion de pompier Dickie Toys, 3 ans et plus",37.93,"37,93 $",89.99,"Était±  89,99 $prix était 89,99 $",37.93,"37,93 $",37.93,"37,93 $",true,https://www.canadiantire.ca/fr/pdp/ensemble-de-jeu-pliant-de-camion-de-pompier-dickie-toys-3-ans-et-plus-0509394p.html,https://www.canadiantire.ca/fr/pdp/ensemble-de-jeu-pliant-de-camion-de-pompier-dickie-toys-3-ans-et-plus-0509394p.html,https://media-www.canadiantire.ca/product/seasonal-gardening/toys/toys-games/0509394/fire-truck-folding-playset-427537e3-50d6-416f-aa46-8bc675c24a7e-jpgrendition.jpg?im=whresize&wid=200&hei=200,https://media-www.canadiantire.ca/product/seasonal-gardening/toys/toys-games/0509394/fire-truck-folding-playset-427537e3-50d6-416f-aa46-8bc675c24a7e-jpgrendition.jpg?im=whresize&wid=200&hei=200,,0509394,050-9394-8,Il n’en reste que 6 #050-9394-8,Liquidation◊Mieux notés,57.85,"37,93","89,99"
51,"Kincardine, ON",Télécommande sans fil Alpena PROStrobe EZ-Wireless,Télécommande sans fil Alpena PROStrobe EZ-Wireless,33.93,"33,93 $",79.99,"Était±  79,99 $prix était 79,99 $",33.93,"33,93 $",33.93,"33,93 $",true,https://www.canadiantire.ca/fr/pdp/telecommande-sans-fil-alpena-prostrobe-ez-wireless-0203820p.html,https://www.canadiantire.ca/fr/pdp/telecommande-sans-fil-alpena-prostrobe-ez-wireless-0203820p.html,https://media-www.canadiantire.ca/product/automotive/automotive-outdoor-adventure/auto-travel-storage/0203820/ez-wireless-command-10608a43-4382-40d3-a0c7-e71ee23d267e.png?im=whresize&wid=200&hei=200,https://media-www.canadiantire.ca/product/automotive/automotive-outdoor-adventure/auto-travel-storage/0203820/ez-wireless-command-10608a43-4382-40d3-a0c7-e71ee23d267e.png?im=whresize&wid=200&hei=200,,0203820,020-3820-2,Il n’en reste que 1 #020-3820-2,Liquidation◊,57.58,"33,93","79,99"
51,"Kincardine, ON","Lime à filet rotative avec collet MAXIMUM, 3/8 po","Lime à filet rotative avec collet MAXIMUM, 3/8 po",7.93,"7,93 $",27.99,"Était±  27,99 $prix était 27,99 $",7.93,"7,93 $",7.93,"7,93 $",true,https://www.canadiantire.ca/fr/pdp/lime-a-filet-rotative-avec-collet-maximum-3-8-po-0540844p.html,https://www.canadiantire.ca/fr/pdp/lime-a-filet-rotative-avec-collet-maximum-3-8-po-0540844p.html,https://media-www.canadiantire.ca/product/fixing/tools/power-tool-accessories/0540844/maximum-3-8-rotary-thread-file-with-collet-b62184fd-7ac9-45c3-af90-4d0dd9bdc03a-jpgrendition.jpg?im=whresize&wid=200&hei=200,https://media-www.canadiantire.ca/product/fixing/tools/power-tool-accessories/0540844/maximum-3-8-rotary-thread-file-with-collet-b62184fd-7ac9-45c3-af90-4d0dd9bdc03a-jpgrendition.jpg?im=whresize&wid=200&hei=200,,0540844,054-0844-4,8 En Stock#054-0844-4,Liquidation◊Mieux notés,71.67,"7,93","27,99"
51,"Kincardine, ON","Tiges filetées Atron Electro Industries, choix variés, paq. 2","Tiges filetées Atron Electro Industries, choix variés, paq. 2",0.93,"0,93 $",1.99,"1,99 $Était   et+ prix était à partir de 1,99 $",0.93,"0,93 $",0.93,"0,93 $",true,https://www.canadiantire.ca/fr/pdp/tiges-filetees-atron-electro-industries-choix-varies-paq-2-0523027p.html,https://www.canadiantire.ca/fr/pdp/tiges-filetees-atron-electro-industries-choix-varies-paq-2-0523027p.html,https://media-www.canadiantire.ca/product/fixing/electrical/rough-electrical/0523027/nipples-1--5e3d3c4e-177b-4120-a6b1-e4e8fe050169-jpgrendition.jpg?im=whresize&wid=200&hei=200,https://media-www.canadiantire.ca/product/fixing/electrical/rough-electrical/0523027/nipples-1--5e3d3c4e-177b-4120-a6b1-e4e8fe050169-jpgrendition.jpg?im=whresize&wid=200&hei=200,,0523027,052-3027,,Liquidation◊Mieux notés,53.27,"0,93","1,99"
51,"Kincardine, ON","Meuleuse d'angle filaire à 1 vitesse 6 A Mastercraft, avec disque et protecteur en prime, 4 1/2 po","Meuleuse d'angle filaire à 1 vitesse 6 A Mastercraft, avec disque et protecteur en prime, 4 1/2 po",29.93,"29,93 $",59.99,"Était±  59,99 $prix était 59,99 $",29.93,"29,93 $",29.93,"29,93 $",true,https://www.canadiantire.ca/fr/pdp/meuleuse-d-angle-filaire-a-1-vitesse-6-a-mastercraft-avec-disque-et-protecteur-en-prime-4-1-2-po-0547153p.html,https://www.canadiantire.ca/fr/pdp/meuleuse-d-angle-filaire-a-1-vitesse-6-a-mastercraft-avec-disque-et-protecteur-en-prime-4-1-2-po-0547153p.html,https://media-www.canadiantire.ca/product/fixing/tools/portable-power-tools/0547153/mastercraft-6a-4-5-angle-grinder-bdb734a5-1c60-4c97-ac6b-cc15f31890a0.png?im=whresize&wid=200&hei=200,https://media-www.canadiantire.ca/product/fixing/tools/portable-power-tools/0547153/mastercraft-6a-4-5-angle-grinder-bdb734a5-1c60-4c97-ac6b-cc15f31890a0.png?im=whresize&wid=200&hei=200,,0547153,054-7153-6,Il n’en reste que 2 #054-7153-6,Liquidation◊Mieux notés,50.11,"29,93","59,99"
51,"Kincardine, ON","Peinture de retouche Scratch Fix All-in-1, Grès clair (M) (PKG)","Peinture de retouche Scratch Fix All-in-1, Grès clair (M) (PKG)",11.93,"11,93 $",28.99,"Était±  28,99 $prix était 28,99 $",11.93,"11,93 $",11.93,"11,93 $",true,https://www.canadiantire.ca/fr/pdp/peinture-de-retouche-scratch-fix-all-in-1-gres-clair-m-pkg-0475171p.html,https://www.canadiantire.ca/fr/pdp/peinture-de-retouche-scratch-fix-all-in-1-gres-clair-m-pkg-0475171p.html,https://media-www.canadiantire.ca/product/automotive/car-care-accessories/auto-body-repair/0475171/scratch-fix-light-sandstone-met-all-in-1-fe826dba-92ee-4d37-92a6-2e2ef13c2ce9.png?im=whresize&wid=200&hei=200,https://media-www.canadiantire.ca/product/automotive/car-care-accessories/auto-body-repair/0475171/scratch-fix-light-sandstone-met-all-in-1-fe826dba-92ee-4d37-92a6-2e2ef13c2ce9.png?im=whresize&wid=200&hei=200,,0475171,047-5171-2,Il n’en reste que 2 #047-5171-2,Liquidation◊,58.85,"11,93","28,99"
51,"Kincardine, ON","Garde-boue arrière réglable Raleigh pour vélo, pour la plupart des vélos, 31,8 mm","Garde-boue arrière réglable Raleigh pour vélo, pour la plupart des vélos, 31,8 mm",16.43,"16,43 $",33.99,"Était±  33,99 $prix était 33,99 $",16.43,"16,43 $",16.43,"16,43 $",true,https://www.canadiantire.ca/fr/pdp/garde-boue-arriere-reglable-raleigh-pour-velo-pour-la-plupart-des-velos-31-8-mm-0733072p.html,https://www.canadiantire.ca/fr/pdp/garde-boue-arriere-reglable-raleigh-pour-velo-pour-la-plupart-des-velos-31-8-mm-0733072p.html,https://media-www.canadiantire.ca/product/playing/cycling/bicycle-accessories/0733072/raleigh-adjustable-rear-fender-573905a0-0bff-493b-948d-fcdcf09766a1-jpgrendition.jpg?im=whresize&wid=200&hei=200,https://media-www.canadiantire.ca/product/playing/cycling/bicycle-accessories/0733072/raleigh-adjustable-rear-fender-573905a0-0bff-493b-948d-fcdcf09766a1-jpgrendition.jpg?im=whresize&wid=200&hei=200,,0733072,073-3072-6,Il n’en reste que 1 #073-3072-6,Liquidation◊Exclusivité,51.66,"16,43","33,99"
51,"Kincardine, ON","Pinces à tuyau Mastercraft, prise confortable, acier au carbone, paq. 3","Pinces à tuyau Mastercraft, prise confortable, acier au carbone, paq. 3",19.93,"19,93 $",39.99,"Était±  39,99 $prix était 39,99 $",19.93,"19,93 $",19.93,"19,93 $",true,https://www.canadiantire.ca/fr/pdp/pinces-a-tuyau-mastercraft-prise-confortable-acier-au-carbone-paq-3-0581661p.html,https://www.canadiantire.ca/fr/pdp/pinces-a-tuyau-mastercraft-prise-confortable-acier-au-carbone-paq-3-0581661p.html,https://media-www.canadiantire.ca/product/fixing/tools/metal-working/0581661/mastercraft-3-pc-hose-gripper-plier-set-9d15ab82-91f2-4583-8422-ba33ca61f24a-jpgrendition.jpg?im=whresize&wid=200&hei=200,https://media-www.canadiantire.ca/product/fixing/tools/metal-working/0581661/mastercraft-3-pc-hose-gripper-plier-set-9d15ab82-91f2-4583-8422-ba33ca61f24a-jpgrendition.jpg?im=whresize&wid=200&hei=200,,0581661,058-1661-4,Il n’en reste que 1 #058-1661-4,Liquidation◊Mieux notés,50.16,"19,93","39,99"
51,"Kincardine, ON","Caméra de recul universelle Reload, hydrofuge","Caméra de recul universelle Reload, hydrofuge",19.93,"19,93 $",79.99,"Était±  79,99 $prix était 79,99 $",19.93,"19,93 $",19.93,"19,93 $",true,https://www.canadiantire.ca/fr/pdp/camera-de-recul-universelle-reload-hydrofuge-0350728p.html,https://www.canadiantire.ca/fr/pdp/camera-de-recul-universelle-reload-hydrofuge-0350728p.html,https://media-www.canadiantire.ca/product/automotive/car-care-accessories/auto-electronics/0350728/reload-universal-backup-camera-ece1f112-5633-429a-9c42-0fa601652b7e-jpgrendition.jpg?im=whresize&wid=200&hei=200,https://media-www.canadiantire.ca/product/automotive/car-care-accessories/auto-electronics/0350728/reload-universal-backup-camera-ece1f112-5633-429a-9c42-0fa601652b7e-jpgrendition.jpg?im=whresize&wid=200&hei=200,,0350728,035-0728-8,Il n’en reste que 1 #035-0728-8,Liquidation◊,75.08,"19,93","79,99"
51,"Kincardine, ON",Support à ventouse pour pare-brise de Bluehive pour la plupart des téléphones intelligents et autres appareils portatifs,Support à ventouse pour pare-brise de Bluehive pour la plupart des téléphones intelligents et autres appareils portatifs,13.93,"13,93 $",29.99,"Était±  29,99 $prix était 29,99 $",13.93,"13,93 $",13.93,"13,93 $",true,https://www.canadiantire.ca/fr/pdp/support-a-ventouse-pour-pare-brise-de-bluehive-pour-la-plupart-des-telephones-intelligents-et-autres-appareils-portatifs-0357184p.html,https://www.canadiantire.ca/fr/pdp/support-a-ventouse-pour-pare-brise-de-bluehive-pour-la-plupart-des-telephones-intelligents-et-autres-appareils-portatifs-0357184p.html,https://media-www.canadiantire.ca/product/automotive/car-care-accessories/auto-electronics/0357184/bluehive-windshield-mount-6a4ef738-85ba-418f-a324-717bc93d080c-jpgrendition.jpg?im=whresize&wid=200&hei=200,https://media-www.canadiantire.ca/product/automotive/car-care-accessories/auto-electronics/0357184/bluehive-windshield-mount-6a4ef738-85ba-418f-a324-717bc93d080c-jpgrendition.jpg?im=whresize&wid=200&hei=200,,0357184,035-7184-8,,Liquidation◊Exclusivité,53.55,"13,93","29,99"
51,"Kincardine, ON","Mini porte-clés à compresser Alex, varié","Mini porte-clés à compresser Alex, varié",2.93,"2,93 $",5.99,"Était±  5,99 $prix était 5,99 $",2.93,"2,93 $",2.93,"2,93 $",true,https://www.canadiantire.ca/fr/pdp/mini-porte-cles-a-compresser-alex-varie-8442571p.html,https://www.canadiantire.ca/fr/pdp/mini-porte-cles-a-compresser-alex-varie-8442571p.html,undefined?im=whresize&wid=200&hei=200,undefined?im=whresize&wid=200&hei=200,,8442571,844-2571-0,,Liquidation◊,51.09,"2,93","5,99"
51,"Kincardine, ON","Filtre de rechange pour aspirateur à main Shark Pet Perfect pour poils d'animaux, paq. 3","Filtre de rechange pour aspirateur à main Shark Pet Perfect pour poils d'animaux, paq. 3",7.93,"7,93 $",21.99,"Était±  21,99 $prix était 21,99 $",7.93,"7,93 $",7.93,"7,93 $",true,https://www.canadiantire.ca/fr/pdp/filtre-de-rechange-pour-aspirateur-a-main-shark-pet-perfect-pour-poils-d-animaux-paq-3-0436798p.html,https://www.canadiantire.ca/fr/pdp/filtre-de-rechange-pour-aspirateur-a-main-shark-pet-perfect-pour-poils-d-animaux-paq-3-0436798p.html,https://media-www.canadiantire.ca/product/living/cleaning/vacuums-and-floorcare/0436798/filter-for-sv780c-436791--996a0ec7-466e-4e2a-9b42-72f9ed8386f3-jpgrendition.jpg?im=whresize&wid=200&hei=200,https://media-www.canadiantire.ca/product/living/cleaning/vacuums-and-floorcare/0436798/filter-for-sv780c-436791--996a0ec7-466e-4e2a-9b42-72f9ed8386f3-jpgrendition.jpg?im=whresize&wid=200&hei=200,,0436798,043-6798-4,Il n’en reste que 1 #043-6798-4,Liquidation◊,63.94,"7,93","21,99"
51,"Kincardine, ON","Jouet de basketball électronique Fisher-Price B.B. Hoopster, anglais, 3 à 5 ans","Jouet de basketball électronique Fisher-Price B.B. Hoopster, anglais, 3 à 5 ans",27.93,"27,93 $",74.99,"Était±  74,99 $prix était 74,99 $",27.93,"27,93 $",27.93,"27,93 $",true,https://www.canadiantire.ca/fr/pdp/jouet-de-basketball-electronique-fisher-price-b-b-hoopster-anglais-3-a-5-ans-0508250p.html,https://www.canadiantire.ca/fr/pdp/jouet-de-basketball-electronique-fisher-price-b-b-hoopster-anglais-3-a-5-ans-0508250p.html,https://media-www.canadiantire.ca/product/seasonal-gardening/toys/preschool-toys-activities/0508250/-fisher-price-hoopster-english-d7f84898-ed87-4f6c-abc9-3355a1d27d16-jpgrendition.jpg?im=whresize&wid=200&hei=200,https://media-www.canadiantire.ca/product/seasonal-gardening/toys/preschool-toys-activities/0508250/-fisher-price-hoopster-english-d7f84898-ed87-4f6c-abc9-3355a1d27d16-jpgrendition.jpg?im=whresize&wid=200&hei=200,,0508250,050-8250-6,Il n’en reste que 2 #050-8250-6,Liquidation◊Mieux notés,62.76,"27,93","74,99"
51,"Kincardine, ON",Rétroviseur d'angle mort côté passager K-Source,Rétroviseur d'angle mort côté passager K-Source,13.93,"13,93 $",29.99,"Était±  29,99 $prix était 29,99 $",13.93,"13,93 $",13.93,"13,93 $",true,https://www.canadiantire.ca/fr/pdp/retroviseur-d-angle-mort-cote-passager-k-source-0379257p.html,https://www.canadiantire.ca/fr/pdp/retroviseur-d-angle-mort-cote-passager-k-source-0379257p.html,https://media-www.canadiantire.ca/product/automotive/car-care-accessories/auto-accessories/0379257/car-passenger-blind-spot-mirror-b-pillar-mirror--a0c5071d-93ec-409a-a0aa-aecec352c1de-jpgrendition.jpg?im=whresize&wid=200&hei=200,https://media-www.canadiantire.ca/product/automotive/car-care-accessories/auto-accessories/0379257/car-passenger-blind-spot-mirror-b-pillar-mirror--a0c5071d-93ec-409a-a0aa-aecec352c1de-jpgrendition.jpg?im=whresize&wid=200&hei=200,,0379257,037-9257-0,Il n’en reste que 2 #037-9257-0,Liquidation◊,53.55,"13,93","29,99"
51,"Kincardine, ON","NOMA Platinum - Ampoules de rechange mini LED, assorties, paq. 5","NOMA Platinum - Ampoules de rechange mini LED, assorties, paq. 5",0.73,"0,73 $",2.99,"Était±  2,99 $prix était 2,99 $",0.73,"0,73 $",0.73,"0,73 $",true,https://www.canadiantire.ca/fr/pdp/noma-platinum-ampoules-de-rechange-mini-led-assorties-paq-5-1513815p.html,https://www.canadiantire.ca/fr/pdp/noma-platinum-ampoules-de-rechange-mini-led-assorties-paq-5-1513815p.html,https://media-www.canadiantire.ca/product/seasonal-gardening/seasonal/christmas-lights-outdoor-decor/1513815/noma-advanced-mini-replacement-bulbs-assorted-761637ff-de61-4fd0-9a1c-8b0277575c8b-jpgrendition.jpg?im=whresize&wid=200&hei=200,https://media-www.canadiantire.ca/product/seasonal-gardening/seasonal/christmas-lights-outdoor-decor/1513815/noma-advanced-mini-replacement-bulbs-assorted-761637ff-de61-4fd0-9a1c-8b0277575c8b-jpgrendition.jpg?im=whresize&wid=200&hei=200,,1513815,151-3815-4,Il n’en reste que 6 #151-3815-4,Liquidation◊Mieux notés,75.59,"0,73","2,99"
51,"Kincardine, ON","Assiette à dîner en plastique Disney La reine des neiges 2 allant au lave-vaisselle, sans BPA, 8 po","Assiette à dîner en plastique Disney La reine des neiges 2 allant au lave-vaisselle, sans BPA, 8 po",3.93,"3,93 $",7.99,"Était±  7,99 $prix était 7,99 $",3.93,"3,93 $",3.93,"3,93 $",true,https://www.canadiantire.ca/fr/pdp/assiette-a-diner-en-plastique-disney-la-reine-des-neiges-2-allant-au-lave-vaisselle-sans-bpa-8-po-1423586p.html,https://www.canadiantire.ca/fr/pdp/assiette-a-diner-en-plastique-disney-la-reine-des-neiges-2-allant-au-lave-vaisselle-sans-bpa-8-po-1423586p.html,https://media-www.canadiantire.ca/product/living/kitchen/dining-and-entertaining/1423586/frozen-kids-dinner-plate-1eecae1d-129c-4256-91c5-5b7ede1ce48a-jpgrendition.jpg?im=whresize&wid=200&hei=200,https://media-www.canadiantire.ca/product/living/kitchen/dining-and-entertaining/1423586/frozen-kids-dinner-plate-1eecae1d-129c-4256-91c5-5b7ede1ce48a-jpgrendition.jpg?im=whresize&wid=200&hei=200,,1423586,142-3586-0,Il n’en reste que 2 #142-3586-0,Liquidation◊,50.81,"3,93","7,99"
51,"Kincardine, ON","Ballon en aluminium satiné, point d'interrogation, choix de couleurs, 16 po, gonflé d'air, pour anniversaire/remise de diplômes/fête prénatale/mariage de finissants","Ballon en aluminium satiné, point d'interrogation, choix de couleurs, 16 po, gonflé d'air, pour anniversaire/remise de diplômes/fête prénatale/mariage de finissants",0.43,"0,43 $",2.99,"2,99 $Était   et+ prix était à partir de 2,99 $",0.43,"0,43 $",0.43,"0,43 $",true,https://www.canadiantire.ca/fr/pdp/ballon-en-aluminium-satine-point-d-interrogation-choix-de-couleurs-16-po-gonfle-d-air-pour-anniversaire-remise-de-diplomes-fete-prenatale-mariage-de-finissants-8424326p.html,https://www.canadiantire.ca/fr/pdp/ballon-en-aluminium-satine-point-d-interrogation-choix-de-couleurs-16-po-gonfle-d-air-pour-anniversaire-remise-de-diplomes-fete-prenatale-mariage-de-finissants-8424326p.html,https://media-www.partycity.ca/product/seasonal-gardening/party-city-everyday/party-city-party-supplies-decor/8424327/blln-air-filled-symbl-gld-0355ff74-96ca-45ad-8f1c-f38e0d425abf-jpgrendition.jpg?im=whresize&wid=200&hei=200,https://media-www.partycity.ca/product/seasonal-gardening/party-city-everyday/party-city-party-supplies-decor/8424327/blln-air-filled-symbl-gld-0355ff74-96ca-45ad-8f1c-f38e0d425abf-jpgrendition.jpg?im=whresize&wid=200&hei=200,,8424326,842-4326,,Liquidation◊Mieux notés,85.62,"0,43","2,99"
51,"Kincardine, ON","Démarreur de lampe fluorescente Leviton, 20 W","Démarreur de lampe fluorescente Leviton, 20 W",0.43,"0,43 $",5.19,"Était±  5,19 $prix était 5,19 $",0.43,"0,43 $",0.43,"0,43 $",true,https://www.canadiantire.ca/fr/pdp/demarreur-de-lampe-fluorescente-leviton-20-w-0527822p.html,https://www.canadiantire.ca/fr/pdp/demarreur-de-lampe-fluorescente-leviton-20-w-0527822p.html,https://media-www.canadiantire.ca/product/fixing/electrical/rough-electrical/0527822/starter-fluorescent-20-watt-d3b63df1-2a16-457b-bd26-371b9e87720c-jpgrendition.jpg?im=whresize&wid=200&hei=200,https://media-www.canadiantire.ca/product/fixing/electrical/rough-electrical/0527822/starter-fluorescent-20-watt-d3b63df1-2a16-457b-bd26-371b9e87720c-jpgrendition.jpg?im=whresize&wid=200&hei=200,,0527822,052-7822-8,,Liquidation◊Mieux notés,91.71,"0,43","5,19"
51,"Kincardine, ON","Chaussures de golf PowerBilt Ace sans crampons pour hommes, tailles variées, noir/gris","Chaussures de golf PowerBilt Ace sans crampons pour hommes, tailles variées, noir/gris",22.93,"22,93 $",79.99,"79,99 $Était   et+ prix était à partir de 79,99 $",22.93,"22,93 $",22.93,"22,93 $",true,https://www.canadiantire.ca/fr/pdp/chaussures-de-golf-powerbilt-ace-sans-crampons-pour-hommes-tailles-variees-noir-gris-0891528p.html,https://www.canadiantire.ca/fr/pdp/chaussures-de-golf-powerbilt-ace-sans-crampons-pour-hommes-tailles-variees-noir-gris-0891528p.html,https://media-www.canadiantire.ca/product/playing/team-sports-and-golf/golf/0891528/powerbilt-ace-golf-shoe-black-grey-mens-size-7-c01c7d81-a616-486c-88b8-83bfcd77e4ac-jpgrendition.jpg?im=whresize&wid=200&hei=200,https://media-www.canadiantire.ca/product/playing/team-sports-and-golf/golf/0891528/powerbilt-ace-golf-shoe-black-grey-mens-size-7-c01c7d81-a616-486c-88b8-83bfcd77e4ac-jpgrendition.jpg?im=whresize&wid=200&hei=200,,0891528,089-1528,,Liquidation◊Exclusivité,71.33,"22,93","79,99"
51,"Kincardine, ON","Ampoules de rechange des fêtes For Living, 5 mini-ampoules incandescentes 2,5 V, scintillant","Ampoules de rechange des fêtes For Living, 5 mini-ampoules incandescentes 2,5 V, scintillant",0.93,"0,93 $",1.99,"Était±  1,99 $prix était 1,99 $",0.93,"0,93 $",0.93,"0,93 $",true,https://www.canadiantire.ca/fr/pdp/ampoules-de-rechange-des-fetes-for-living-5-mini-ampoules-incandescentes-2-5-v-scintillant-1513808p.html,https://www.canadiantire.ca/fr/pdp/ampoules-de-rechange-des-fetes-for-living-5-mini-ampoules-incandescentes-2-5-v-scintillant-1513808p.html,https://media-www.canadiantire.ca/product/seasonal-gardening/seasonal/christmas-lights-outdoor-decor/1513808/for-living-mini-replacement-bulbs-2-5v-twinkling-b68c0281-d662-44da-b337-6d0a3af1e9fd-jpgrendition.jpg?im=whresize&wid=200&hei=200,https://media-www.canadiantire.ca/product/seasonal-gardening/seasonal/christmas-lights-outdoor-decor/1513808/for-living-mini-replacement-bulbs-2-5v-twinkling-b68c0281-d662-44da-b337-6d0a3af1e9fd-jpgrendition.jpg?im=whresize&wid=200&hei=200,,1513808,151-3808-2,14 En Stock#151-3808-2,Liquidation◊Exclusivité,53.27,"0,93","1,99"
51,"Kincardine, ON","Époxy pour bois d'intérieur transparent très lustré Rust-Oleum Stone Effects, 1,2 L/0,3 gallon","Époxy pour bois d'intérieur transparent très lustré Rust-Oleum Stone Effects, 1,2 L/0,3 gallon",49.93,"49,93 $",129.99,"Était±  129,99 $prix était 129,99 $",49.93,"49,93 $",49.93,"49,93 $",true,https://www.canadiantire.ca/fr/pdp/epoxy-pour-bois-d-interieur-transparent-tres-lustre-rust-oleum-stone-effects-1-2-l-0-3-gallon-0490270p.html,https://www.canadiantire.ca/fr/pdp/epoxy-pour-bois-d-interieur-transparent-tres-lustre-rust-oleum-stone-effects-1-2-l-0-3-gallon-0490270p.html,https://media-www.canadiantire.ca/product/fixing/paint/paints/0490270/stone-effects-counter-coat-b5158a56-aec2-45f6-9ce6-560bff7a3bf8-jpgrendition.jpg?im=whresize&wid=200&hei=200,https://media-www.canadiantire.ca/product/fixing/paint/paints/0490270/stone-effects-counter-coat-b5158a56-aec2-45f6-9ce6-560bff7a3bf8-jpgrendition.jpg?im=whresize&wid=200&hei=200,,0490270,049-0270-2,Il n’en reste que 1 #049-0270-2,Liquidation◊,61.59,"49,93","129,99"
51,"Kincardine, ON","Papier-cadeau Blocs de bébé, 40 pi2","Papier-cadeau Blocs de bébé, 40 pi2",2.49,"2,49 $",4.99,"Était±  4,99 $prix était 4,99 $",2.49,"2,49 $",2.49,"2,49 $",true,https://www.canadiantire.ca/fr/pdp/papier-cadeau-blocs-de-bebe-40-pi2-8536476p.html,https://www.canadiantire.ca/fr/pdp/papier-cadeau-blocs-de-bebe-40-pi2-8536476p.html,https://media-www.canadiantire.ca/product/seasonal-gardening/party-city-everyday/party-city-non-seasonal-gift-wrapping/8536476/40sqft-paper-giftwrap-baby-blocks-95cd7fd3-629b-4071-a1a1-5f0c6abb230b-jpgrendition.jpg?im=whresize&wid=200&hei=200,https://media-www.canadiantire.ca/product/seasonal-gardening/party-city-everyday/party-city-non-seasonal-gift-wrapping/8536476/40sqft-paper-giftwrap-baby-blocks-95cd7fd3-629b-4071-a1a1-5f0c6abb230b-jpgrendition.jpg?im=whresize&wid=200&hei=200,,8536476,853-6476-2,Il n’en reste que 1 #853-6476-2,Liquidation◊,50.1,"2,49","4,99"
51,"Kincardine, ON","Vis à plancher à prise carrée Hillman, choix de tailles","Vis à plancher à prise carrée Hillman, choix de tailles",3.93,"3,93 $",8.99,"8,99 $Était   et+ prix était à partir de 8,99 $",3.93,"3,93 $",3.93,"3,93 $",true,https://www.canadiantire.ca/fr/pdp/vis-a-plancher-a-prise-carree-hillman-choix-de-tailles-1618361p.html,https://www.canadiantire.ca/fr/pdp/vis-a-plancher-a-prise-carree-hillman-choix-de-tailles-1618361p.html,https://media-www.canadiantire.ca/product/fixing/hardware/general-hardware/1618361/flooring-screw-flat-head-8-x-1-1-2-100-pack-cf5320fd-1607-41fb-a8b9-41cf5c7eccf9-jpgrendition.jpg?im=whresize&wid=200&hei=200,https://media-www.canadiantire.ca/product/fixing/hardware/general-hardware/1618361/flooring-screw-flat-head-8-x-1-1-2-100-pack-cf5320fd-1607-41fb-a8b9-41cf5c7eccf9-jpgrendition.jpg?im=whresize&wid=200&hei=200,,1618361,161-8361,,Liquidation◊Mieux notés,56.28,"3,93","8,99"
51,"Kincardine, ON","NOMA - Ampoules de rechange pour arbres Colorado/Linden à DEL, 3V","NOMA - Ampoules de rechange pour arbres Colorado/Linden à DEL, 3V",0.23,"0,23 $",1.59,"Était±  1,59 $prix était 1,59 $",0.23,"0,23 $",0.23,"0,23 $",true,https://www.canadiantire.ca/fr/pdp/noma-ampoules-de-rechange-pour-arbres-colorado-linden-a-del-3v-1516400p.html,https://www.canadiantire.ca/fr/pdp/noma-ampoules-de-rechange-pour-arbres-colorado-linden-a-del-3v-1516400p.html,https://media-www.canadiantire.ca/product/seasonal-gardening/seasonal/christmas-lights-outdoor-decor/1516400/noma-colorado-linden-tree-led-replacement-bulbs-3v-a4251bd8-9369-4548-887e-379c5d020d00-jpgrendition.jpg?im=whresize&wid=200&hei=200,https://media-www.canadiantire.ca/product/seasonal-gardening/seasonal/christmas-lights-outdoor-decor/1516400/noma-colorado-linden-tree-led-replacement-bulbs-3v-a4251bd8-9369-4548-887e-379c5d020d00-jpgrendition.jpg?im=whresize&wid=200&hei=200,,1516400,151-6400-2,8 En Stock#151-6400-2,Liquidation◊Mieux notés,85.53,"0,23","1,59"
51,"Kincardine, ON","Boule en verre avec plantes séchées CANVAS Noël en campagne, 3 1/10 po","Boule en verre avec plantes séchées CANVAS Noël en campagne, 3 1/10 po",1.93,"1,93 $",3.99,"Était±  3,99 $prix était 3,99 $",1.93,"1,93 $",1.93,"1,93 $",true,https://www.canadiantire.ca/fr/pdp/boule-en-verre-avec-plantes-sechees-canvas-noel-en-campagne-3-1-10-po-1519312p.html,https://www.canadiantire.ca/fr/pdp/boule-en-verre-avec-plantes-sechees-canvas-noel-en-campagne-3-1-10-po-1519312p.html,https://media-www.canadiantire.ca/product/seasonal-gardening/seasonal/christmas-indoor-decor/1519312/trend-glass-ball-with-dried-botanicals-525ad372-dd7d-4723-93cb-e74389b9d8d4-jpgrendition.jpg?im=whresize&wid=200&hei=200,https://media-www.canadiantire.ca/product/seasonal-gardening/seasonal/christmas-indoor-decor/1519312/trend-glass-ball-with-dried-botanicals-525ad372-dd7d-4723-93cb-e74389b9d8d4-jpgrendition.jpg?im=whresize&wid=200&hei=200,,1519312,151-9312-4,,Liquidation◊Exclusivité,51.63,"1,93","3,99"
51,"Kincardine, ON","Décoration de Noël fagot scintillant, rouge/or, 5-7/8 po","Décoration de Noël fagot scintillant, rouge/or, 5-7/8 po",9.93,"9,93 $",22.99,"Était±  22,99 $prix était 22,99 $",9.93,"9,93 $",9.93,"9,93 $",true,https://www.canadiantire.ca/fr/pdp/decoration-de-noel-fagot-scintillant-rouge-or-5-7-8-po-1518732p.html,https://www.canadiantire.ca/fr/pdp/decoration-de-noel-fagot-scintillant-rouge-or-5-7-8-po-1518732p.html,https://media-www.canadiantire.ca/product/seasonal-gardening/seasonal/seasonal-decor/1518732/glitter-bundle-red-gold-35c45ed7-08d9-4d52-a6f1-da61394b68bf-jpgrendition.jpg?im=whresize&wid=200&hei=200,https://media-www.canadiantire.ca/product/seasonal-gardening/seasonal/seasonal-decor/1518732/glitter-bundle-red-gold-35c45ed7-08d9-4d52-a6f1-da61394b68bf-jpgrendition.jpg?im=whresize&wid=200&hei=200,,1518732,151-8732-0,,Liquidation◊Mieux notés,56.81,"9,93","22,99"
51,"Kincardine, ON","CANVAS Collection Argent - Boules de Noël incassables, argent, 80 mm, paq. 6","CANVAS Collection Argent - Boules de Noël incassables, argent, 80 mm, paq. 6",1.93,"1,93 $",6.99,"Était±  6,99 $prix était 6,99 $",1.93,"1,93 $",1.93,"1,93 $",true,https://www.canadiantire.ca/fr/pdp/canvas-collection-argent-boules-de-noel-incassables-argent-80-mm-paq-6-1511954p.html,https://www.canadiantire.ca/fr/pdp/canvas-collection-argent-boules-de-noel-incassables-argent-80-mm-paq-6-1511954p.html,https://media-www.canadiantire.ca/product/seasonal-gardening/seasonal/seasonal-decor/1511954/silver-6pc-basic-shatterproof-glitter-and-shiny-5678f783-fc22-442e-ac65-9f0c39ee0b8b-jpgrendition.jpg?im=whresize&wid=200&hei=200,https://media-www.canadiantire.ca/product/seasonal-gardening/seasonal/seasonal-decor/1511954/silver-6pc-basic-shatterproof-glitter-and-shiny-5678f783-fc22-442e-ac65-9f0c39ee0b8b-jpgrendition.jpg?im=whresize&wid=200&hei=200,,1511954,151-1954-4,,Liquidation◊Exclusivité,72.39,"1,93","6,99"
51,"Kincardine, ON","Connecteur coaxial à sertir RG6 RCA, doré, paq. 4","Connecteur coaxial à sertir RG6 RCA, doré, paq. 4",3.93,"3,93 $",8.99,"Était±  8,99 $prix était 8,99 $",3.93,"3,93 $",3.93,"3,93 $",true,https://www.canadiantire.ca/fr/pdp/connecteur-coaxial-a-sertir-rg6-rca-dore-paq-4-0452820p.html,https://www.canadiantire.ca/fr/pdp/connecteur-coaxial-a-sertir-rg6-rca-dore-paq-4-0452820p.html,https://media-www.canadiantire.ca/product/living/electronics/home-entertainment-accessories/0452820/rg-6-crimp-on-connectors-e589d4fa-8da9-493e-9670-6b1c591b2ce5-jpgrendition.jpg?im=whresize&wid=200&hei=200,https://media-www.canadiantire.ca/product/living/electronics/home-entertainment-accessories/0452820/rg-6-crimp-on-connectors-e589d4fa-8da9-493e-9670-6b1c591b2ce5-jpgrendition.jpg?im=whresize&wid=200&hei=200,,0452820,045-2820-0,Il n’en reste que 5 #045-2820-0,Liquidation◊Mieux notés,56.28,"3,93","8,99"
51,"Kincardine, ON","Trousse d'arche guirlande en ballon en latex et en aluminium, rose/violet/argent/bleu, pour fête d'anniversaire","Trousse d'arche guirlande en ballon en latex et en aluminium, rose/violet/argent/bleu, pour fête d'anniversaire",9.93,"9,93 $",36.99,"36,99 $Était   et+ prix était à partir de 36,99 $",9.93,"9,93 $",9.93,"9,93 $",true,https://www.canadiantire.ca/fr/pdp/trousse-d-arche-guirlande-en-ballon-en-latex-et-en-aluminium-rose-violet-argent-bleu-pour-fete-d-anniversaire-8535764p.html,https://www.canadiantire.ca/fr/pdp/trousse-d-arche-guirlande-en-ballon-en-latex-et-en-aluminium-rose-violet-argent-bleu-pour-fete-d-anniversaire-8535764p.html,https://media-www.partycity.ca/product/seasonal-gardening/party-city-everyday/party-city-balloons-accessories/8535764/jewel-balloon-garland-kit-219e00a1-0209-45bf-99bd-b48efcd554fe-jpgrendition.jpg?im=whresize&wid=200&hei=200,https://media-www.partycity.ca/product/seasonal-gardening/party-city-everyday/party-city-balloons-accessories/8535764/jewel-balloon-garland-kit-219e00a1-0209-45bf-99bd-b48efcd554fe-jpgrendition.jpg?im=whresize&wid=200&hei=200,,8535764,853-5764-2,Il n’en reste que 3 #853-5764-2,Liquidation◊,73.15,"9,93","36,99"
51,"Kincardine, ON","Embouts de pattes Certified en vinyle, pour métal et bois, noir, paq. 4","Embouts de pattes Certified en vinyle, pour métal et bois, noir, paq. 4",0.93,"0,93 $",3.29,"3,29 $Était   et+ prix était à partir de 3,29 $",0.93,"0,93 $",0.93,"0,93 $",true,https://www.canadiantire.ca/fr/pdp/embouts-de-pattes-certified-en-vinyle-pour-metal-et-bois-noir-paq-4-0460922p.html,https://www.canadiantire.ca/fr/pdp/embouts-de-pattes-certified-en-vinyle-pour-metal-et-bois-noir-paq-4-0460922p.html,https://media-www.canadiantire.ca/product/fixing/hardware/general-hardware/0460922/leg-tips-3-4-black-vinyl-7c3390e3-3d31-482f-9017-00b3b183aa80-jpgrendition.jpg?im=whresize&wid=200&hei=200,https://media-www.canadiantire.ca/product/fixing/hardware/general-hardware/0460922/leg-tips-3-4-black-vinyl-7c3390e3-3d31-482f-9017-00b3b183aa80-jpgrendition.jpg?im=whresize&wid=200&hei=200,,0460922,046-0922,,Liquidation◊Mieux notés,71.73,"0,93","3,29"
51,"Kincardine, ON","Ballon en aluminium satiné lettres Girl, rose, 22 x 10 po, gonflé d'air, pour fête prénatale","Ballon en aluminium satiné lettres Girl, rose, 22 x 10 po, gonflé d'air, pour fête prénatale",1.93,"1,93 $",8.99,"8,99 $Était   et+ prix était à partir de 8,99 $",1.93,"1,93 $",1.93,"1,93 $",true,https://www.canadiantire.ca/fr/pdp/ballon-en-aluminium-satine-lettres-girl-rose-22-x-10-po-gonfle-d-air-pour-fete-prenatale-8420823p.html,https://www.canadiantire.ca/fr/pdp/ballon-en-aluminium-satine-lettres-girl-rose-22-x-10-po-gonfle-d-air-pour-fete-prenatale-8420823p.html,https://media-www.partycity.ca/product/seasonal-gardening/party-city-everyday/party-city-party-supplies-decor/8420823/mini-pnk-air-filled-blln-girl-83762b26-de81-467b-81a6-4dddc42c4c55-jpgrendition.jpg?im=whresize&wid=200&hei=200,https://media-www.partycity.ca/product/seasonal-gardening/party-city-everyday/party-city-party-supplies-decor/8420823/mini-pnk-air-filled-blln-girl-83762b26-de81-467b-81a6-4dddc42c4c55-jpgrendition.jpg?im=whresize&wid=200&hei=200,,8420823,842-0823-8,Il n’en reste que 2 #842-0823-8,Liquidation◊Mieux notés,78.53,"1,93","8,99"
51,"Kincardine, ON","Ballon en aluminium satiné rond arc-en-ciel prismatique 90, blanc/argent, 18 po, gonflement à l'hélium et ruban inclus, pour fête d'anniversaire","Ballon en aluminium satiné rond arc-en-ciel prismatique 90, blanc/argent, 18 po, gonflement à l'hélium et ruban inclus, pour fête d'anniversaire",0.93,"0,93 $",6.99,"Était±  6,99 $prix était 6,99 $",0.93,"0,93 $",0.93,"0,93 $",true,https://www.canadiantire.ca/fr/pdp/ballon-en-aluminium-satine-rond-arc-en-ciel-prismatique-90-blanc-argent-18-po-gonflement-a-l-helium-et-ruban-inclus-pour-fete-d-anniversaire-8424222p.html,https://www.canadiantire.ca/fr/pdp/ballon-en-aluminium-satine-rond-arc-en-ciel-prismatique-90-blanc-argent-18-po-gonflement-a-l-helium-et-ruban-inclus-pour-fete-d-anniversaire-8424222p.html,https://media-www.partycity.ca/product/seasonal-gardening/party-city-everyday/party-city-party-supplies-decor/8424222/258-sd-blln-here-your-bday-90-c5ea2fd3-d2bb-4dc7-b414-2050758f0af1-jpgrendition.jpg?im=whresize&wid=200&hei=200,https://media-www.partycity.ca/product/seasonal-gardening/party-city-everyday/party-city-party-supplies-decor/8424222/258-sd-blln-here-your-bday-90-c5ea2fd3-d2bb-4dc7-b414-2050758f0af1-jpgrendition.jpg?im=whresize&wid=200&hei=200,,8424222,842-4222-4,Il n’en reste que 4 #842-4222-4,Liquidation◊Mieux notés,86.7,"0,93","6,99"
51,"Kincardine, ON","Broan Nutone - Boutons de rechange pour hotte, plastique, 4 pcs, noir","Broan Nutone - Boutons de rechange pour hotte, plastique, 4 pcs, noir",0.93,"0,93 $",16.99,"Était±  16,99 $prix était 16,99 $",0.93,"0,93 $",0.93,"0,93 $",true,https://www.canadiantire.ca/fr/pdp/broan-nutone-boutons-de-rechange-pour-hotte-plastique-4-pcs-noir-0522803p.html,https://www.canadiantire.ca/fr/pdp/broan-nutone-boutons-de-rechange-pour-hotte-plastique-4-pcs-noir-0522803p.html,https://media-www.canadiantire.ca/product/living/kitchen/white-goods/0522803/broan-range-hood-knobs-black-2-pack-a879323f-ca57-4da0-88cd-3fa4faae1c06-jpgrendition.jpg?im=whresize&wid=200&hei=200,https://media-www.canadiantire.ca/product/living/kitchen/white-goods/0522803/broan-range-hood-knobs-black-2-pack-a879323f-ca57-4da0-88cd-3fa4faae1c06-jpgrendition.jpg?im=whresize&wid=200&hei=200,,0522803,052-2803-4,Il n’en reste que 1 #052-2803-4,Liquidation◊Mieux notés,94.53,"0,93","16,99"
51,"Kincardine, ON","Feuilles de ponçage de précision en maille Mastercraft, paq. 30","Feuilles de ponçage de précision en maille Mastercraft, paq. 30",19.93,"19,93 $",44.99,"Était±  44,99 $prix était 44,99 $",19.93,"19,93 $",19.93,"19,93 $",true,https://www.canadiantire.ca/fr/pdp/feuilles-de-poncage-de-precision-en-maille-mastercraft-paq-30-0542213p.html,https://www.canadiantire.ca/fr/pdp/feuilles-de-poncage-de-precision-en-maille-mastercraft-paq-30-0542213p.html,https://media-www.canadiantire.ca/product/fixing/tools/power-tool-accessories/0542213/mc-30-pc-mesh-detailed-sanding-sheets-c1851ce3-d5c1-4569-ba5c-ca9a45b3326e-jpgrendition.jpg?im=whresize&wid=200&hei=200,https://media-www.canadiantire.ca/product/fixing/tools/power-tool-accessories/0542213/mc-30-pc-mesh-detailed-sanding-sheets-c1851ce3-d5c1-4569-ba5c-ca9a45b3326e-jpgrendition.jpg?im=whresize&wid=200&hei=200,,0542213,054-2213-4,Il n’en reste que 3 #054-2213-4,Liquidation◊Exclusivité,55.7,"19,93","44,99"
51,"Kincardine, ON","Prise simple à boîtier étroit Leviton 05029-751 NEMA 6-15R, 15 A, 250 V, mise à la terre, qualité commerciale, ivoire","Prise simple à boîtier étroit Leviton 05029-751 NEMA 6-15R, 15 A, 250 V, mise à la terre, qualité commerciale, ivoire",4.93,"4,93 $",9.99,"Était±  9,99 $prix était 9,99 $",4.93,"4,93 $",4.93,"4,93 $",true,https://www.canadiantire.ca/fr/pdp/prise-simple-a-boitier-etroit-leviton-05029-751-nema-6-15r-15-a-250-v-mise-a-la-terre-qualite-commerciale-ivoire-0527239p.html,https://www.canadiantire.ca/fr/pdp/prise-simple-a-boitier-etroit-leviton-05029-751-nema-6-15r-15-a-250-v-mise-a-la-terre-qualite-commerciale-ivoire-0527239p.html,https://media-www.canadiantire.ca/product/fixing/electrical/rough-electrical/0527239/receptacle-special-grade-15a-b-d6972ff1-8cb2-4898-a411-2d13210a533b-jpgrendition.jpg?im=whresize&wid=200&hei=200,https://media-www.canadiantire.ca/product/fixing/electrical/rough-electrical/0527239/receptacle-special-grade-15a-b-d6972ff1-8cb2-4898-a411-2d13210a533b-jpgrendition.jpg?im=whresize&wid=200&hei=200,,0527239,052-7239-8,Il n’en reste que 3 #052-7239-8,Liquidation◊,50.65,"4,93","9,99"
51,"Kincardine, ON","Ballons en latex ronds célébration étincelante 60 Happy Birthday, argent/noir/or, à pois, 12 po, paq. 15, pour fête d'anniversaire","Ballons en latex ronds célébration étincelante 60 Happy Birthday, argent/noir/or, à pois, 12 po, paq. 15, pour fête d'anniversaire",2.99,"2,99 $",5.99,"5,99 $Était   et+ prix était à partir de 5,99 $",2.99,"2,99 $",2.99,"2,99 $",true,https://www.canadiantire.ca/fr/pdp/ballons-en-latex-ronds-celebration-etincelante-60-happy-birthday-argent-noir-or-a-pois-12-po-paq-15-pour-fete-d-anniversaire-8420180p.html,https://www.canadiantire.ca/fr/pdp/ballons-en-latex-ronds-celebration-etincelante-60-happy-birthday-argent-noir-or-a-pois-12-po-paq-15-pour-fete-d-anniversaire-8420180p.html,https://media-www.partycity.ca/product/seasonal-gardening/party-city-everyday/party-city-party-supplies-decor/8420180/60th-birthday-balloons-15ct-sparkling-celebration-e48781d8-b0f1-41eb-9f2b-c3289d6eaa5b-jpgrendition.jpg?im=whresize&wid=200&hei=200,https://media-www.partycity.ca/product/seasonal-gardening/party-city-everyday/party-city-party-supplies-decor/8420180/60th-birthday-balloons-15ct-sparkling-celebration-e48781d8-b0f1-41eb-9f2b-c3289d6eaa5b-jpgrendition.jpg?im=whresize&wid=200&hei=200,,8420180,842-0180-6,Il n’en reste que 4 #842-0180-6,Liquidation◊,50.08,"2,99","5,99"
51,"Kincardine, ON","Peinture de retouche Scratch Fix All-in-1, Flamme rayonnante (PRB, R87)","Peinture de retouche Scratch Fix All-in-1, Flamme rayonnante (PRB, R87)",12.93,"12,93 $",28.99,"Était±  28,99 $prix était 28,99 $",12.93,"12,93 $",12.93,"12,93 $",true,https://www.canadiantire.ca/fr/pdp/peinture-de-retouche-scratch-fix-all-in-1-flamme-rayonnante-prb-r87-0474937p.html,https://www.canadiantire.ca/fr/pdp/peinture-de-retouche-scratch-fix-all-in-1-flamme-rayonnante-prb-r87-0474937p.html,https://media-www.canadiantire.ca/product/automotive/car-care-accessories/auto-body-repair/0474937/scratch-fix-chrysler-radiant-fire-all-in-1-e4c5c075-f76b-408a-9c88-3b85f8685123-jpgrendition.jpg?im=whresize&wid=200&hei=200,https://media-www.canadiantire.ca/product/automotive/car-care-accessories/auto-body-repair/0474937/scratch-fix-chrysler-radiant-fire-all-in-1-e4c5c075-f76b-408a-9c88-3b85f8685123-jpgrendition.jpg?im=whresize&wid=200&hei=200,,0474937,047-4937-8,Il n’en reste que 1 #047-4937-8,Liquidation◊,55.4,"12,93","28,99"
51,"Kincardine, ON","Chapeau de fête conique métallisé 1 premier anniversaire, bleu, taille unique, accessoire à porter pour anniversaires","Chapeau de fête conique métallisé 1 premier anniversaire, bleu, taille unique, accessoire à porter pour anniversaires",2.93,"2,93 $",9.99,"Était±  9,99 $prix était 9,99 $",2.93,"2,93 $",2.93,"2,93 $",true,https://www.canadiantire.ca/fr/pdp/chapeau-de-fete-conique-metallise-1-premier-anniversaire-bleu-taille-unique-accessoire-a-porter-pour-anniversaires-8422038p.html,https://www.canadiantire.ca/fr/pdp/chapeau-de-fete-conique-metallise-1-premier-anniversaire-bleu-taille-unique-accessoire-a-porter-pour-anniversaires-8422038p.html,https://media-www.partycity.ca/product/seasonal-gardening/party-city-everyday/party-city-party-supplies-decor/8422038/cone-hat-boy-1st-bday-2019-dlx-f9c7bc27-71fc-447f-817d-399fd756336d-jpgrendition.jpg?im=whresize&wid=200&hei=200,https://media-www.partycity.ca/product/seasonal-gardening/party-city-everyday/party-city-party-supplies-decor/8422038/cone-hat-boy-1st-bday-2019-dlx-f9c7bc27-71fc-447f-817d-399fd756336d-jpgrendition.jpg?im=whresize&wid=200&hei=200,,8422038,842-2038-6,Il n’en reste que 1 #842-2038-6,Liquidation◊,70.67,"2,93","9,99"
51,"Kincardine, ON","Barbe à papa à la canne de Noël Poppacorn, 200 g","Barbe à papa à la canne de Noël Poppacorn, 200 g",0.99,"0,99 $",4.99,"Était±  4,99 $prix était 4,99 $",0.99,"0,99 $",0.99,"0,99 $",true,https://www.canadiantire.ca/fr/pdp/barbe-a-papa-a-la-canne-de-noel-poppacorn-200-g-1515278p.html,https://www.canadiantire.ca/fr/pdp/barbe-a-papa-a-la-canne-de-noel-poppacorn-200-g-1515278p.html,https://media-www.canadiantire.ca/product/living/food-drink/seasonal-confectionery/1515278/poppa-corn-candy-cane-cotton-candy-200-g-b13b9537-dd36-4165-a673-04ee4bd5768b-jpgrendition.jpg?im=whresize&wid=200&hei=200,https://media-www.canadiantire.ca/product/living/food-drink/seasonal-confectionery/1515278/poppa-corn-candy-cane-cotton-candy-200-g-b13b9537-dd36-4165-a673-04ee4bd5768b-jpgrendition.jpg?im=whresize&wid=200&hei=200,,1515278,151-5278-0,9 En Stock#151-5278-0,Liquidation◊Exclusivité,80.16,"0,99","4,99"
51,"Kincardine, ON","Étiquette personnalisée pour chien Qalo TraQ, silicone","Étiquette personnalisée pour chien Qalo TraQ, silicone",29.93,"29,93 $",59.99,"59,99 $Était   et+ prix était à partir de 59,99 $",29.93,"29,93 $",29.93,"29,93 $",true,https://www.canadiantire.ca/fr/pdp/etiquette-personnalisee-pour-chien-qalo-traq-silicone-1427537p.html,https://www.canadiantire.ca/fr/pdp/etiquette-personnalisee-pour-chien-qalo-traq-silicone-1427537p.html,https://media-www.canadiantire.ca/product/living/pet-care/pet-accessories/1427541/qalotraq-classic-navy-silicone-dog-id-tag-8d763508-8e0d-49af-a7b3-5c6e8819f701-jpgrendition.jpg?im=whresize&wid=200&hei=200,https://media-www.canadiantire.ca/product/living/pet-care/pet-accessories/1427541/qalotraq-classic-navy-silicone-dog-id-tag-8d763508-8e0d-49af-a7b3-5c6e8819f701-jpgrendition.jpg?im=whresize&wid=200&hei=200,,1427537,142-7537,,Liquidation◊,50.11,"29,93","59,99"
51,"Kincardine, ON","Pâte à colmater Flex Seal Flex Paste, protection contre les inondations, cartouche, 9 oz","Pâte à colmater Flex Seal Flex Paste, protection contre les inondations, cartouche, 9 oz",14.93,"14,93 $",29.99,"Était±  29,99 $prix était 29,99 $",14.93,"14,93 $",14.93,"14,93 $",true,https://www.canadiantire.ca/fr/pdp/pate-a-colmater-flex-seal-flex-paste-protection-contre-les-inondations-cartouche-9-oz-0641543p.html,https://www.canadiantire.ca/fr/pdp/pate-a-colmater-flex-seal-flex-paste-protection-contre-les-inondations-cartouche-9-oz-0641543p.html,https://media-www.canadiantire.ca/product/fixing/paint/surface-prep-maintenance/0641543/flex-paste-flood-protection-9-oz-cartridge-81375833-eb0f-48f0-8389-2cfbe644b52a-jpgrendition.jpg?im=whresize&wid=200&hei=200,https://media-www.canadiantire.ca/product/fixing/paint/surface-prep-maintenance/0641543/flex-paste-flood-protection-9-oz-cartridge-81375833-eb0f-48f0-8389-2cfbe644b52a-jpgrendition.jpg?im=whresize&wid=200&hei=200,,0641543,064-1543-0,Il n’en reste que 3 #064-1543-0,Liquidation◊,50.22,"14,93","29,99"
51,"Kincardine, ON","Bande protectrice pour téléphone intelligent Bluehive avec dragonne, pour téléphones intelligents, tablettes et montres intelligentes","Bande protectrice pour téléphone intelligent Bluehive avec dragonne, pour téléphones intelligents, tablettes et montres intelligentes",3.93,"3,93 $",9.99,"Était±  9,99 $prix était 9,99 $",3.93,"3,93 $",3.93,"3,93 $",true,https://www.canadiantire.ca/fr/pdp/bande-protectrice-pour-telephone-intelligent-bluehive-avec-dragonne-pour-telephones-intelligents-tablettes-et-montres-intelligentes-0356156p.html,https://www.canadiantire.ca/fr/pdp/bande-protectrice-pour-telephone-intelligent-bluehive-avec-dragonne-pour-telephones-intelligents-tablettes-et-montres-intelligentes-0356156p.html,https://media-www.canadiantire.ca/product/automotive/car-care-accessories/auto-electronics/0356156/bluehive-smartphone-arm-band--e86587b9-6e29-484e-8188-b8c91a53bf79-jpgrendition.jpg?im=whresize&wid=200&hei=200,https://media-www.canadiantire.ca/product/automotive/car-care-accessories/auto-electronics/0356156/bluehive-smartphone-arm-band--e86587b9-6e29-484e-8188-b8c91a53bf79-jpgrendition.jpg?im=whresize&wid=200&hei=200,,0356156,035-6156-2,,Liquidation◊Exclusivité,60.66,"3,93","9,99"
51,"Kincardine, ON","Chargeur mural plat Bluehive GaN Power Delivery, blanc, 30 W","Chargeur mural plat Bluehive GaN Power Delivery, blanc, 30 W",13.93,"13,93 $",29.99,"Était±  29,99 $prix était 29,99 $",13.93,"13,93 $",13.93,"13,93 $",true,https://www.canadiantire.ca/fr/pdp/chargeur-mural-plat-bluehive-gan-power-delivery-blanc-30-w-0357402p.html,https://www.canadiantire.ca/fr/pdp/chargeur-mural-plat-bluehive-gan-power-delivery-blanc-30-w-0357402p.html,https://media-www.canadiantire.ca/product/automotive/car-care-accessories/auto-electronics/0357402/bluehive-gan-power-delivery-30w-flat-wall-charger-0cd92af5-6b42-4c32-9e13-8260ef6f2a5a.png?im=whresize&wid=200&hei=200,https://media-www.canadiantire.ca/product/automotive/car-care-accessories/auto-electronics/0357402/bluehive-gan-power-delivery-30w-flat-wall-charger-0cd92af5-6b42-4c32-9e13-8260ef6f2a5a.png?im=whresize&wid=200&hei=200,,0357402,035-7402-0,,Liquidation◊Exclusivité,53.55,"13,93","29,99"
51,"Kincardine, ON","Ampoule à DEL à intensité variable à culot GY6.35 Feit Electric, 3000K, 350 lumens, blanc chaud, 35 W","Ampoule à DEL à intensité variable à culot GY6.35 Feit Electric, 3000K, 350 lumens, blanc chaud, 35 W",0.93,"0,93 $",13.49,"Était±  13,49 $prix était 13,49 $",0.93,"0,93 $",0.93,"0,93 $",true,https://www.canadiantire.ca/fr/pdp/ampoule-a-del-a-intensite-variable-a-culot-gy6-35-feit-electric-3000k-350-lumens-blanc-chaud-35-w-0528070p.html,https://www.canadiantire.ca/fr/pdp/ampoule-a-del-a-intensite-variable-a-culot-gy6-35-feit-electric-3000k-350-lumens-blanc-chaud-35-w-0528070p.html,https://media-www.canadiantire.ca/product/fixing/electrical/light-bulbs/0528070/feit-led-gy6-35-base-bulb-2-5w-non-dimmable-7bd40050-1dbd-45c8-ba5b-263e2d61234d-jpgrendition.jpg?im=whresize&wid=200&hei=200,https://media-www.canadiantire.ca/product/fixing/electrical/light-bulbs/0528070/feit-led-gy6-35-base-bulb-2-5w-non-dimmable-7bd40050-1dbd-45c8-ba5b-263e2d61234d-jpgrendition.jpg?im=whresize&wid=200&hei=200,,0528070,052-8070-0,Il n’en reste que 1 #052-8070-0,Liquidation◊,93.11,"0,93","13,49"
51,"Kincardine, ON","Manuel de réparation automobile Haynes, Saturn Série S 1991 à 2002, 87010","Manuel de réparation automobile Haynes, Saturn Série S 1991 à 2002, 87010",1.73,"1,73 $",32.99,"Était±  32,99 $prix était 32,99 $",1.73,"1,73 $",1.73,"1,73 $",true,https://www.canadiantire.ca/fr/pdp/manuel-de-reparation-automobile-haynes-saturn-serie-s-1991-a-2002-87010-0259002p.html,https://www.canadiantire.ca/fr/pdp/manuel-de-reparation-automobile-haynes-saturn-serie-s-1991-a-2002-87010-0259002p.html,https://media-www.canadiantire.ca/product/automotive/auto-maintenance/auto-shop-equipment-supplies/0259002/87010-saturn-s-series-91-02-8d0a352b-8e82-4c1f-8968-3ce0d9214c4f-jpgrendition.jpg?im=whresize&wid=200&hei=200,https://media-www.canadiantire.ca/product/automotive/auto-maintenance/auto-shop-equipment-supplies/0259002/87010-saturn-s-series-91-02-8d0a352b-8e82-4c1f-8968-3ce0d9214c4f-jpgrendition.jpg?im=whresize&wid=200&hei=200,,0259002,025-9002-4,Il n’en reste que 1 #025-9002-4,Liquidation◊Mieux notés,94.76,"1,73","32,99"
51,"Kincardine, ON",Filtre HEPA rechange pour aspirateur portatif Dirt Devil F105,Filtre HEPA rechange pour aspirateur portatif Dirt Devil F105,7.93,"7,93 $",16.99,"Était±  16,99 $prix était 16,99 $",7.93,"7,93 $",7.93,"7,93 $",true,https://www.canadiantire.ca/fr/pdp/filtre-hepa-rechange-pour-aspirateur-portatif-dirt-devil-f105-0439454p.html,https://www.canadiantire.ca/fr/pdp/filtre-hepa-rechange-pour-aspirateur-portatif-dirt-devil-f105-0439454p.html,https://media-www.canadiantire.ca/product/living/cleaning/vacuums-and-floorcare/0439454/dirt-devil-f105-hand-vacuum-filter-f3071fee-65a1-4234-b7f9-be4dcea5870f-jpgrendition.jpg?im=whresize&wid=200&hei=200,https://media-www.canadiantire.ca/product/living/cleaning/vacuums-and-floorcare/0439454/dirt-devil-f105-hand-vacuum-filter-f3071fee-65a1-4234-b7f9-be4dcea5870f-jpgrendition.jpg?im=whresize&wid=200&hei=200,,0439454,043-9454-4,Il n’en reste que 1 #043-9454-4,Liquidation◊Mieux notés,53.33,"7,93","16,99"
51,"Kincardine, ON","Filet pour panier de toit élastique SportRack SR0033, 40 x 36 po","Filet pour panier de toit élastique SportRack SR0033, 40 x 36 po",29.93,"29,93 $",69.99,"Était±  69,99 $prix était 69,99 $",29.93,"29,93 $",29.93,"29,93 $",true,https://www.canadiantire.ca/fr/pdp/filet-pour-panier-de-toit-elastique-sportrack-sr0033-40-x-36-po-0401147p.html,https://www.canadiantire.ca/fr/pdp/filet-pour-panier-de-toit-elastique-sportrack-sr0033-40-x-36-po-0401147p.html,https://media-www.canadiantire.ca/product/automotive/automotive-outdoor-adventure/auto-travel-storage/0401146/sport-rack-roof-basket-1659bde3-a046-49ef-8fe4-b7c8ed4e72e0-jpgrendition.jpg?im=whresize&wid=200&hei=200,https://media-www.canadiantire.ca/product/automotive/automotive-outdoor-adventure/auto-travel-storage/0401146/sport-rack-roof-basket-1659bde3-a046-49ef-8fe4-b7c8ed4e72e0-jpgrendition.jpg?im=whresize&wid=200&hei=200,,0401147,040-1147-0,Il n’en reste que 1 #040-1147-0,Liquidation◊,57.24,"29,93","69,99"
51,"Kincardine, ON",Huitre à enfourcher flottante gonflable pour lac,Huitre à enfourcher flottante gonflable pour lac,49.93,"49,93 $",99.99,"Était±  99,99 $prix était 99,99 $",49.93,"49,93 $",49.93,"49,93 $",true,https://www.canadiantire.ca/fr/pdp/huitre-a-enfourcher-flottante-gonflable-pour-lac-0791411p.html,https://www.canadiantire.ca/fr/pdp/huitre-a-enfourcher-flottante-gonflable-pour-lac-0791411p.html,https://media-www.canadiantire.ca/product/playing/seasonal-recreation/marine-water-fun/0791411/clamshell-lake-inflatable-84c224b6-f74f-43cb-add7-f18aa0e52402-jpgrendition.jpg?im=whresize&wid=200&hei=200,https://media-www.canadiantire.ca/product/playing/seasonal-recreation/marine-water-fun/0791411/clamshell-lake-inflatable-84c224b6-f74f-43cb-add7-f18aa0e52402-jpgrendition.jpg?im=whresize&wid=200&hei=200,,0791411,079-1411-0,Il n’en reste que 2 #079-1411-0,Liquidation◊,50.07,"49,93","99,99"
51,"Kincardine, ON",Doublure de bac à peinture Premier Clean en pâte de papier,Doublure de bac à peinture Premier Clean en pâte de papier,4.93,"4,93 $",9.99,"Était±  9,99 $prix était 9,99 $",4.93,"4,93 $",4.93,"4,93 $",true,https://www.canadiantire.ca/fr/pdp/doublure-de-bac-a-peinture-premier-clean-en-pate-de-papier-0492533p.html,https://www.canadiantire.ca/fr/pdp/doublure-de-bac-a-peinture-premier-clean-en-pate-de-papier-0492533p.html,https://media-www.canadiantire.ca/product/fixing/paint/paint-accessories/0492533/premier-clean-paper-pulp-painting-tray-liner-for-0492532-0c2d6302-8527-48d2-ba6e-a78d31934a6a-jpgrendition.jpg?im=whresize&wid=200&hei=200,https://media-www.canadiantire.ca/product/fixing/paint/paint-accessories/0492533/premier-clean-paper-pulp-painting-tray-liner-for-0492532-0c2d6302-8527-48d2-ba6e-a78d31934a6a-jpgrendition.jpg?im=whresize&wid=200&hei=200,,0492533,049-2533-6,Il n’en reste que 3 #049-2533-6,Liquidation◊Exclusivité,50.65,"4,93","9,99"
51,"Kincardine, ON",Accessoire turbo motorisé pour poils d'animaux Hoover OnePWR,Accessoire turbo motorisé pour poils d'animaux Hoover OnePWR,29.93,"29,93 $",79.99,"Était±  79,99 $prix était 79,99 $",29.93,"29,93 $",29.93,"29,93 $",true,https://www.canadiantire.ca/fr/pdp/accessoire-turbo-motorise-pour-poils-d-animaux-hoover-onepwr-0438265p.html,https://www.canadiantire.ca/fr/pdp/accessoire-turbo-motorise-pour-poils-d-animaux-hoover-onepwr-0438265p.html,https://media-www.canadiantire.ca/product/living/cleaning/vacuums-and-floorcare/0438265/hoover-onepwr-blade-motorized-pet-turbo-tool-428aedde-61cd-4390-804e-a012d17d22f1-jpgrendition.jpg?im=whresize&wid=200&hei=200,https://media-www.canadiantire.ca/product/living/cleaning/vacuums-and-floorcare/0438265/hoover-onepwr-blade-motorized-pet-turbo-tool-428aedde-61cd-4390-804e-a012d17d22f1-jpgrendition.jpg?im=whresize&wid=200&hei=200,,0438265,043-8265-0,,Liquidation◊,62.58,"29,93","79,99"
51,"Kincardine, ON","Peluches Squishmallows Flipmallows, 5 po, 3 ans et plus","Peluches Squishmallows Flipmallows, 5 po, 3 ans et plus",4.83,"4,83 $",12.99,"Était±  12,99 $prix était 12,99 $",4.83,"4,83 $",4.83,"4,83 $",true,https://www.canadiantire.ca/fr/pdp/peluches-squishmallows-flipmallows-5-po-3-ans-et-plus-0508854p.html,https://www.canadiantire.ca/fr/pdp/peluches-squishmallows-flipmallows-5-po-3-ans-et-plus-0508854p.html,https://media-www.canadiantire.ca/product/seasonal-gardening/toys/preschool-toys-activities/0508854/squishmallows-5-flipmallows-ffb9b2e7-62f3-430f-8249-a06dcac8828a-jpgrendition.jpg?im=whresize&wid=200&hei=200,https://media-www.canadiantire.ca/product/seasonal-gardening/toys/preschool-toys-activities/0508854/squishmallows-5-flipmallows-ffb9b2e7-62f3-430f-8249-a06dcac8828a-jpgrendition.jpg?im=whresize&wid=200&hei=200,,0508854,050-8854-0,,Liquidation◊Mieux notés,62.82,"4,83","12,99"
51,"Kincardine, ON","Autocuiseur en aluminium robuste avec couvercle verrouillable IMUSA, 20,8 L","Autocuiseur en aluminium robuste avec couvercle verrouillable IMUSA, 20,8 L",74.93,"74,93 $",149.99,"Était±  149,99 $prix était 149,99 $",74.93,"74,93 $",74.93,"74,93 $",true,https://www.canadiantire.ca/fr/pdp/autocuiseur-en-aluminium-robuste-avec-couvercle-verrouillable-imusa-20-8-l-1429500p.html,https://www.canadiantire.ca/fr/pdp/autocuiseur-en-aluminium-robuste-avec-couvercle-verrouillable-imusa-20-8-l-1429500p.html,https://media-www.canadiantire.ca/product/living/kitchen/canning/1429500/imusa-22qt-pressure-cooker-0f542084-2cc0-4e66-9417-a1d5b3ebe8ae-jpgrendition.jpg?im=whresize&wid=200&hei=200,https://media-www.canadiantire.ca/product/living/kitchen/canning/1429500/imusa-22qt-pressure-cooker-0f542084-2cc0-4e66-9417-a1d5b3ebe8ae-jpgrendition.jpg?im=whresize&wid=200&hei=200,,1429500,142-9500-8,Il n’en reste que 1 #142-9500-8,Liquidation◊,50.04,"74,93","149,99"
51,"Kincardine, ON","Décoration de Noël d'accueil Star Wars, Grogu, 18 po","Décoration de Noël d'accueil Star Wars, Grogu, 18 po",19.93,"19,93 $",44.99,"Était±  44,99 $prix était 44,99 $",19.93,"19,93 $",19.93,"19,93 $",true,https://www.canadiantire.ca/fr/pdp/decoration-de-noel-d-accueil-star-wars-grogu-18-po-1518494p.html,https://www.canadiantire.ca/fr/pdp/decoration-de-noel-d-accueil-star-wars-grogu-18-po-1518494p.html,https://media-www.canadiantire.ca/product/seasonal-gardening/seasonal/seasonal-decor/1518494/porch-greeter-the-child-501e0413-6e5e-4453-965f-07717f55d18c-jpgrendition.jpg?im=whresize&wid=200&hei=200,https://media-www.canadiantire.ca/product/seasonal-gardening/seasonal/seasonal-decor/1518494/porch-greeter-the-child-501e0413-6e5e-4453-965f-07717f55d18c-jpgrendition.jpg?im=whresize&wid=200&hei=200,,1518494,151-8494-6,Il n’en reste que 4 #151-8494-6,Liquidation◊Mieux notés,55.7,"19,93","44,99"
51,"Kincardine, ON","Collier réfléchissant pour chiens Perri's Pet Products, rayures effrayantes, choix de tailles","Collier réfléchissant pour chiens Perri's Pet Products, rayures effrayantes, choix de tailles",6.93,"6,93 $",14.99,"14,99 $Était   et+ prix était à partir de 14,99 $",6.93,"6,93 $",6.93,"6,93 $",true,https://www.canadiantire.ca/fr/pdp/collier-reflechissant-pour-chiens-perri-s-pet-products-rayures-effrayantes-choix-de-tailles-2420533p.html,https://www.canadiantire.ca/fr/pdp/collier-reflechissant-pour-chiens-perri-s-pet-products-rayures-effrayantes-choix-de-tailles-2420533p.html,https://media-www.canadiantire.ca/product/living/pet-care/pet-accessories/2420533/perri-s-reflective-scary-stripes-dog-collar-small-0432f1e7-b90e-4aae-980e-d9f2fd876143-jpgrendition.jpg?im=whresize&wid=200&hei=200,https://media-www.canadiantire.ca/product/living/pet-care/pet-accessories/2420533/perri-s-reflective-scary-stripes-dog-collar-small-0432f1e7-b90e-4aae-980e-d9f2fd876143-jpgrendition.jpg?im=whresize&wid=200&hei=200,,2420533,242-0533,,Liquidation◊Exclusivité,53.77,"6,93","14,99"
51,"Kincardine, ON","Barbe à papa à la canne de Noël Poppacorn, 60 g","Barbe à papa à la canne de Noël Poppacorn, 60 g",0.99,"0,99 $",2.99,"Était±  2,99 $prix était 2,99 $",0.99,"0,99 $",0.99,"0,99 $",true,https://www.canadiantire.ca/fr/pdp/barbe-a-papa-a-la-canne-de-noel-poppacorn-60-g-1515277p.html,https://www.canadiantire.ca/fr/pdp/barbe-a-papa-a-la-canne-de-noel-poppacorn-60-g-1515277p.html,https://media-www.canadiantire.ca/product/living/food-drink/seasonal-confectionery/1515277/poppa-corn-candy-cane-cotton-candy-60-g-04bf6e49-9e54-49f8-8c3b-4af54b9eebfc-jpgrendition.jpg?im=whresize&wid=200&hei=200,https://media-www.canadiantire.ca/product/living/food-drink/seasonal-confectionery/1515277/poppa-corn-candy-cane-cotton-candy-60-g-04bf6e49-9e54-49f8-8c3b-4af54b9eebfc-jpgrendition.jpg?im=whresize&wid=200&hei=200,,1515277,151-5277-2,34 En Stock#151-5277-2,Liquidation◊Exclusivité,66.89,"0,99","2,99"
51,"Kincardine, ON","Câble de chargement micro USB imprimé DE SMART Accessories pour téléphones intelligents Android et plus encore, 3 pi","Câble de chargement micro USB imprimé DE SMART Accessories pour téléphones intelligents Android et plus encore, 3 pi",1.93,"1,93 $",5.99,"Était±  5,99 $prix était 5,99 $",1.93,"1,93 $",1.93,"1,93 $",true,https://www.canadiantire.ca/fr/pdp/cable-de-chargement-micro-usb-imprime-de-smart-accessories-pour-telephones-intelligents-android-et-plus-encore-3-pi-0356171p.html,https://www.canadiantire.ca/fr/pdp/cable-de-chargement-micro-usb-imprime-de-smart-accessories-pour-telephones-intelligents-android-et-plus-encore-3-pi-0356171p.html,https://media-www.canadiantire.ca/product/automotive/car-care-accessories/auto-electronics/0356171/smart-accessories-printed-micro-usb-cable-3--60e1a27f-ec59-4f74-97e9-fdbff715c162-jpgrendition.jpg?im=whresize&wid=200&hei=200,https://media-www.canadiantire.ca/product/automotive/car-care-accessories/auto-electronics/0356171/smart-accessories-printed-micro-usb-cable-3--60e1a27f-ec59-4f74-97e9-fdbff715c162-jpgrendition.jpg?im=whresize&wid=200&hei=200,,0356171,035-6171-4,11 En Stock#035-6171-4,Liquidation◊,67.78,"1,93","5,99"
51,"Kincardine, ON",Écouteurs véritablement sans fil JBL Vibe,Écouteurs véritablement sans fil JBL Vibe,49.93,"49,93 $",99.99,"Était±  99,99 $prix était 99,99 $",49.93,"49,93 $",49.93,"49,93 $",true,https://www.canadiantire.ca/fr/pdp/ecouteurs-veritablement-sans-fil-jbl-vibe-0358111p.html,https://www.canadiantire.ca/fr/pdp/ecouteurs-veritablement-sans-fil-jbl-vibe-0358111p.html,https://media-www.canadiantire.ca/product/automotive/electronics/mobile-electronics/0358111/jbl-true-wireless-vibe-buds-60a0d113-c7a1-4cb8-bc23-e75e32b84326-jpgrendition.jpg?im=whresize&wid=200&hei=200,https://media-www.canadiantire.ca/product/automotive/electronics/mobile-electronics/0358111/jbl-true-wireless-vibe-buds-60a0d113-c7a1-4cb8-bc23-e75e32b84326-jpgrendition.jpg?im=whresize&wid=200&hei=200,,0358111,035-8111-6,Il n’en reste que 2 #035-8111-6,Liquidation◊,50.07,"49,93","99,99"
51,"Kincardine, ON",Centre de jeu sonore CoComelon Super Sounds Playland,Centre de jeu sonore CoComelon Super Sounds Playland,24.93,"24,93 $",89.99,"Était±  89,99 $prix était 89,99 $",24.93,"24,93 $",24.93,"24,93 $",true,https://www.canadiantire.ca/fr/pdp/centre-de-jeu-sonore-cocomelon-super-sounds-playland-0508841p.html,https://www.canadiantire.ca/fr/pdp/centre-de-jeu-sonore-cocomelon-super-sounds-playland-0508841p.html,https://media-www.canadiantire.ca/product/seasonal-gardening/toys/preschool-toys-activities/0508841/cocomelon-super-sounds-playland-0e863bd8-53b0-4313-9e50-c4e810041714-jpgrendition.jpg?im=whresize&wid=200&hei=200,https://media-www.canadiantire.ca/product/seasonal-gardening/toys/preschool-toys-activities/0508841/cocomelon-super-sounds-playland-0e863bd8-53b0-4313-9e50-c4e810041714-jpgrendition.jpg?im=whresize&wid=200&hei=200,,0508841,050-8841-0,Il n’en reste que 2 #050-8841-0,Liquidation◊,72.3,"24,93","89,99"
51,"Kincardine, ON","Peinture de retouche Dupli-Color Scratch Fix All-in-1 Exact-Match pour automobile, or ensoleillé métallisé (BP)","Peinture de retouche Dupli-Color Scratch Fix All-in-1 Exact-Match pour automobile, or ensoleillé métallisé (BP)",12.93,"12,93 $",28.99,"Était±  28,99 $prix était 28,99 $",12.93,"12,93 $",12.93,"12,93 $",true,https://www.canadiantire.ca/fr/pdp/peinture-de-retouche-dupli-color-scratch-fix-all-in-1-exact-match-pour-automobile-or-ensoleille-metallise-bp-0474957p.html,https://www.canadiantire.ca/fr/pdp/peinture-de-retouche-dupli-color-scratch-fix-all-in-1-exact-match-pour-automobile-or-ensoleille-metallise-bp-0474957p.html,https://media-www.canadiantire.ca/product/automotive/car-care-accessories/auto-body-repair/0474957/scratch-fix-ford-sunburst-gold-m-all-in-1-6209a307-6d35-412d-b563-86a29b36018e-jpgrendition.jpg?im=whresize&wid=200&hei=200,https://media-www.canadiantire.ca/product/automotive/car-care-accessories/auto-body-repair/0474957/scratch-fix-ford-sunburst-gold-m-all-in-1-6209a307-6d35-412d-b563-86a29b36018e-jpgrendition.jpg?im=whresize&wid=200&hei=200,,0474957,047-4957-0,Il n’en reste que 1 #047-4957-0,Liquidation◊,55.4,"12,93","28,99"
51,"Kincardine, ON","Pince à bec courbé MAXIMUM, 45 degrés, acier forgé de haute qualité, embouts à code de couleur","Pince à bec courbé MAXIMUM, 45 degrés, acier forgé de haute qualité, embouts à code de couleur",11.93,"11,93 $",24.99,"Était±  24,99 $prix était 24,99 $",11.93,"11,93 $",11.93,"11,93 $",true,https://www.canadiantire.ca/fr/pdp/pince-a-bec-courbe-maximum-45-degres-acier-forge-de-haute-qualite-embouts-a-code-de-couleur-0589762p.html,https://www.canadiantire.ca/fr/pdp/pince-a-bec-courbe-maximum-45-degres-acier-forge-de-haute-qualite-embouts-a-code-de-couleur-0589762p.html,https://media-www.canadiantire.ca/product/fixing/tools/metal-working/0589762/maximum-45-bent-nose-plier-f5b03aee-69dc-4c92-b902-823adf7d1927-jpgrendition.jpg?im=whresize&wid=200&hei=200,https://media-www.canadiantire.ca/product/fixing/tools/metal-working/0589762/maximum-45-bent-nose-plier-f5b03aee-69dc-4c92-b902-823adf7d1927-jpgrendition.jpg?im=whresize&wid=200&hei=200,,0589762,058-9762-6,Il n’en reste que 1 #058-9762-6,Liquidation◊Mieux notés,52.26,"11,93","24,99"
51,"Kincardine, ON",Jouet sonore en vinyle Petco avec logo Canadian Tire,Jouet sonore en vinyle Petco avec logo Canadian Tire,4.93,"4,93 $",9.99,"Était±  9,99 $prix était 9,99 $",4.93,"4,93 $",4.93,"4,93 $",true,https://www.canadiantire.ca/fr/pdp/jouet-sonore-en-vinyle-petco-avec-logo-canadian-tire-1427462p.html,https://www.canadiantire.ca/fr/pdp/jouet-sonore-en-vinyle-petco-avec-logo-canadian-tire-1427462p.html,https://media-www.canadiantire.ca/product/living/pet-care/pet-accessories/1427462/petco-canadian-tire-logo-vinyl-squeak-toy-92348cce-d43e-4285-9de1-6dfeb49e977f-jpgrendition.jpg?im=whresize&wid=200&hei=200,https://media-www.canadiantire.ca/product/living/pet-care/pet-accessories/1427462/petco-canadian-tire-logo-vinyl-squeak-toy-92348cce-d43e-4285-9de1-6dfeb49e977f-jpgrendition.jpg?im=whresize&wid=200&hei=200,,1427462,142-7462-0,Il n’en reste que 2 #142-7462-0,Liquidation◊Exclusivité,50.65,"4,93","9,99"
51,"Kincardine, ON","Tube de remplissage PlumbShop pour réservoir de toilette, 9 po","Tube de remplissage PlumbShop pour réservoir de toilette, 9 po",0.43,"0,43 $",1.99,"Était±  1,99 $prix était 1,99 $",0.43,"0,43 $",0.43,"0,43 $",true,https://www.canadiantire.ca/fr/pdp/tube-de-remplissage-plumbshop-pour-reservoir-de-toilette-9-po-0632985p.html,https://www.canadiantire.ca/fr/pdp/tube-de-remplissage-plumbshop-pour-reservoir-de-toilette-9-po-0632985p.html,https://media-www.canadiantire.ca/product/fixing/plumbing/rough-plumbing/0632985/plumbshop-plastic-refill-tube-and-clip-9--20cc5b19-7c76-4a95-a7ff-86d5e5a33b87-jpgrendition.jpg?im=whresize&wid=200&hei=200,https://media-www.canadiantire.ca/product/fixing/plumbing/rough-plumbing/0632985/plumbshop-plastic-refill-tube-and-clip-9--20cc5b19-7c76-4a95-a7ff-86d5e5a33b87-jpgrendition.jpg?im=whresize&wid=200&hei=200,,0632985,063-2985-4,Il n’en reste que 5 #063-2985-4,Liquidation◊,78.39,"0,43","1,99"
51,"Kincardine, ON","Dissolvant de taches bleues Autosol, 125 mL","Dissolvant de taches bleues Autosol, 125 mL",6.93,"6,93 $",21.99,"Était±  21,99 $prix était 21,99 $",6.93,"6,93 $",6.93,"6,93 $",true,https://www.canadiantire.ca/fr/pdp/dissolvant-de-taches-bleues-autosol-125-ml-0390587p.html,https://www.canadiantire.ca/fr/pdp/dissolvant-de-taches-bleues-autosol-125-ml-0390587p.html,https://media-www.canadiantire.ca/product/automotive/car-care-accessories/auto-cleaning-chemicals/0390587/autosol-bluing-remover-125ml-7d0f4bf6-8443-4d1e-b372-f90e6e927243-jpgrendition.jpg?im=whresize&wid=200&hei=200,https://media-www.canadiantire.ca/product/automotive/car-care-accessories/auto-cleaning-chemicals/0390587/autosol-bluing-remover-125ml-7d0f4bf6-8443-4d1e-b372-f90e6e927243-jpgrendition.jpg?im=whresize&wid=200&hei=200,,0390587,039-0587-4,11 En Stock#039-0587-4,Liquidation◊,68.49,"6,93","21,99"
51,"Kincardine, ON",Adaptateur pour perceuse à pêche blanche,Adaptateur pour perceuse à pêche blanche,9.93,"9,93 $",19.99,"Était±  19,99 $prix était 19,99 $",9.93,"9,93 $",9.93,"9,93 $",true,https://www.canadiantire.ca/fr/pdp/adaptateur-pour-perceuse-a-peche-blanche-0788167p.html,https://www.canadiantire.ca/fr/pdp/adaptateur-pour-perceuse-a-peche-blanche-0788167p.html,https://media-www.canadiantire.ca/product/playing/fishing/ice-fishing/0788167/strikemaster-ice-drill-adaptor-980d1776-80c3-4075-b3be-8f714756eeff-jpgrendition.jpg?im=whresize&wid=200&hei=200,https://media-www.canadiantire.ca/product/playing/fishing/ice-fishing/0788167/strikemaster-ice-drill-adaptor-980d1776-80c3-4075-b3be-8f714756eeff-jpgrendition.jpg?im=whresize&wid=200&hei=200,,0788167,078-8167-2,,Liquidation◊,50.33,"9,93","19,99"
51,"Kincardine, ON","Ballon en aluminium satiné lettres It's A, choix de couleurs, 20 x 9 po, gonflé d'air, pour fête prénatale/dévoilement du sexe","Ballon en aluminium satiné lettres It's A, choix de couleurs, 20 x 9 po, gonflé d'air, pour fête prénatale/dévoilement du sexe",1.93,"1,93 $",8.99,"8,99 $Était   et+ prix était à partir de 8,99 $",1.93,"1,93 $",1.93,"1,93 $",true,https://www.canadiantire.ca/fr/pdp/ballon-en-aluminium-satine-lettres-it-s-a-choix-de-couleurs-20-x-9-po-gonfle-d-air-pour-fete-prenatale-devoilement-du-sexe-8420830p.html,https://www.canadiantire.ca/fr/pdp/ballon-en-aluminium-satine-lettres-it-s-a-choix-de-couleurs-20-x-9-po-gonfle-d-air-pour-fete-prenatale-devoilement-du-sexe-8420830p.html,https://media-www.partycity.ca/product/seasonal-gardening/party-city-everyday/party-city-party-supplies-decor/8423773/mini-gld-af-bn-i-5b3acd3a-f4eb-457e-a322-7df3b13b2348-jpgrendition.jpg?im=whresize&wid=200&hei=200,https://media-www.partycity.ca/product/seasonal-gardening/party-city-everyday/party-city-party-supplies-decor/8423773/mini-gld-af-bn-i-5b3acd3a-f4eb-457e-a322-7df3b13b2348-jpgrendition.jpg?im=whresize&wid=200&hei=200,,8420830,842-0830,,Liquidation◊,78.53,"1,93","8,99"
51,"Kincardine, ON","CANVAS Collection Rouge - Ornement de Noël Hibou en sisal, 100 mm","CANVAS Collection Rouge - Ornement de Noël Hibou en sisal, 100 mm",2.93,"2,93 $",5.99,"Était±  5,99 $prix était 5,99 $",2.93,"2,93 $",2.93,"2,93 $",true,https://www.canadiantire.ca/fr/pdp/canvas-collection-rouge-ornement-de-noel-hibou-en-sisal-100-mm-1511896p.html,https://www.canadiantire.ca/fr/pdp/canvas-collection-rouge-ornement-de-noel-hibou-en-sisal-100-mm-1511896p.html,https://media-www.canadiantire.ca/product/seasonal-gardening/seasonal/seasonal-decor/1511896/red-sisal-owl-assorted-23c9fcc5-1b6e-4c3a-bd1f-52a7bab1180e-jpgrendition.jpg?im=whresize&wid=200&hei=200,https://media-www.canadiantire.ca/product/seasonal-gardening/seasonal/seasonal-decor/1511896/red-sisal-owl-assorted-23c9fcc5-1b6e-4c3a-bd1f-52a7bab1180e-jpgrendition.jpg?im=whresize&wid=200&hei=200,,1511896,151-1896-2,,Liquidation◊Mieux notés,51.09,"2,93","5,99"
51,"Kincardine, ON","Poupées Barbie supplémentaires, choix varié","Poupées Barbie supplémentaires, choix varié",13.43,"13,43 $",39.99,"Était±  39,99 $prix était 39,99 $",13.43,"13,43 $",13.43,"13,43 $",true,https://www.canadiantire.ca/fr/pdp/poupees-barbie-supplementaires-choix-varie-0509500p.html,https://www.canadiantire.ca/fr/pdp/poupees-barbie-supplementaires-choix-varie-0509500p.html,https://media-www.canadiantire.ca/product/seasonal-gardening/toys/toys-games/0509500/barbie-extra-doll-ast--90c0cdf4-ac4a-4621-9d05-c0067223fbb5-jpgrendition.jpg?im=whresize&wid=200&hei=200,https://media-www.canadiantire.ca/product/seasonal-gardening/toys/toys-games/0509500/barbie-extra-doll-ast--90c0cdf4-ac4a-4621-9d05-c0067223fbb5-jpgrendition.jpg?im=whresize&wid=200&hei=200,,0509500,050-9500-6,,Liquidation◊Mieux notés,66.42,"13,43","39,99"
51,"Kincardine, ON","Ampoule à DEL Alpena DHI, D1S, 35 W, blanc clair","Ampoule à DEL Alpena DHI, D1S, 35 W, blanc clair",13.93,"13,93 $",73.99,"Était±  73,99 $prix était 73,99 $",13.93,"13,93 $",13.93,"13,93 $",true,https://www.canadiantire.ca/fr/pdp/ampoule-a-del-alpena-dhi-d1s-35-w-blanc-clair-0203449p.html,https://www.canadiantire.ca/fr/pdp/ampoule-a-del-alpena-dhi-d1s-35-w-blanc-clair-0203449p.html,https://media-www.canadiantire.ca/product/automotive/automotive-outdoor-adventure/auto-travel-storage/0203449/alpena-hid-d1s-35w-bulb-441c4b20-cc1a-4774-a074-95b45a30248b-jpgrendition.jpg?im=whresize&wid=200&hei=200,https://media-www.canadiantire.ca/product/automotive/automotive-outdoor-adventure/auto-travel-storage/0203449/alpena-hid-d1s-35w-bulb-441c4b20-cc1a-4774-a074-95b45a30248b-jpgrendition.jpg?im=whresize&wid=200&hei=200,,0203449,020-3449-8,Il n’en reste que 1 #020-3449-8,Liquidation◊,81.17,"13,93","73,99"
51,"Kincardine, ON","Attache Simple Strap, travaux réguliers","Attache Simple Strap, travaux réguliers",8.93,"8,93 $",19.99,"Était±  19,99 $prix était 19,99 $",8.93,"8,93 $",8.93,"8,93 $",true,https://www.canadiantire.ca/fr/pdp/attache-simple-strap-travaux-reguliers-0402966p.html,https://www.canadiantire.ca/fr/pdp/attache-simple-strap-travaux-reguliers-0402966p.html,https://media-www.canadiantire.ca/product/automotive/automotive-outdoor-adventure/tarps-cords/0402966/simple-strap-regular-duty-tie-down-red-d1a8a518-ad13-463a-a9ce-9ce3da9d4e45-jpgrendition.jpg?im=whresize&wid=200&hei=200,https://media-www.canadiantire.ca/product/automotive/automotive-outdoor-adventure/tarps-cords/0402966/simple-strap-regular-duty-tie-down-red-d1a8a518-ad13-463a-a9ce-9ce3da9d4e45-jpgrendition.jpg?im=whresize&wid=200&hei=200,,0402966,040-2966-4,Il n’en reste que 6 #040-2966-4,Liquidation◊Mieux notés,55.33,"8,93","19,99"
51,"Kincardine, ON",Trousse de changement de couleur pour commande d’intensité d’éclairage Leviton Renu,Trousse de changement de couleur pour commande d’intensité d’éclairage Leviton Renu,0.43,"0,43 $",3.79,"3,79 $Était   et+ prix était à partir de 3,79 $",0.43,"0,43 $",0.43,"0,43 $",true,https://www.canadiantire.ca/fr/pdp/trousse-de-changement-de-couleur-pour-commande-d-intensite-d-eclairage-leviton-renu-0528330p.html,https://www.canadiantire.ca/fr/pdp/trousse-de-changement-de-couleur-pour-commande-d-intensite-d-eclairage-leviton-renu-0528330p.html,https://media-www.canadiantire.ca/product/fixing/electrical/rough-electrical/0528330/renu-colour-change-kit-dimmer-black-a3a12104-a375-4813-b4ed-fbd02278ab29.png?im=whresize&wid=200&hei=200,https://media-www.canadiantire.ca/product/fixing/electrical/rough-electrical/0528330/renu-colour-change-kit-dimmer-black-a3a12104-a375-4813-b4ed-fbd02278ab29.png?im=whresize&wid=200&hei=200,,0528330,052-8330,,Liquidation◊,88.65,"0,43","3,79"
51,"Kincardine, ON","Décalcomanie, drapeau du Canada","Décalcomanie, drapeau du Canada",5.93,"5,93 $",16.49,"Était±  16,49 $prix était 16,49 $",5.93,"5,93 $",5.93,"5,93 $",true,https://www.canadiantire.ca/fr/pdp/decalcomanie-drapeau-du-canada-0371947p.html,https://www.canadiantire.ca/fr/pdp/decalcomanie-drapeau-du-canada-0371947p.html,https://media-www.canadiantire.ca/product/automotive/car-care-accessories/auto-accessories/0371947/canadian-flag-premium-chrome-decal-0297774b-21d0-46db-b70a-b7a3285c83ed-jpgrendition.jpg?im=whresize&wid=200&hei=200,https://media-www.canadiantire.ca/product/automotive/car-care-accessories/auto-accessories/0371947/canadian-flag-premium-chrome-decal-0297774b-21d0-46db-b70a-b7a3285c83ed-jpgrendition.jpg?im=whresize&wid=200&hei=200,,0371947,037-1947-6,,Liquidation◊Mieux notés,64.04,"5,93","16,49"
51,"Kincardine, ON",Filet d'arrimage élastique réglable sur le toit Richelieu avec filet souple,Filet d'arrimage élastique réglable sur le toit Richelieu avec filet souple,34.93,"34,93 $",81.99,"Était±  81,99 $prix était 81,99 $",34.93,"34,93 $",34.93,"34,93 $",true,https://www.canadiantire.ca/fr/pdp/filet-d-arrimage-elastique-reglable-sur-le-toit-richelieu-avec-filet-souple-0402965p.html,https://www.canadiantire.ca/fr/pdp/filet-d-arrimage-elastique-reglable-sur-le-toit-richelieu-avec-filet-souple-0402965p.html,https://media-www.canadiantire.ca/product/automotive/automotive-outdoor-adventure/tarps-cords/0402965/adjustable-flex-web-bungee-cargo-net-e2557195-ddac-45e2-9219-aad01e40ef2f-jpgrendition.jpg?im=whresize&wid=200&hei=200,https://media-www.canadiantire.ca/product/automotive/automotive-outdoor-adventure/tarps-cords/0402965/adjustable-flex-web-bungee-cargo-net-e2557195-ddac-45e2-9219-aad01e40ef2f-jpgrendition.jpg?im=whresize&wid=200&hei=200,,0402965,040-2965-6,Il n’en reste que 2 #040-2965-6,Liquidation◊Mieux notés,57.4,"34,93","81,99"
51,"Kincardine, ON",Brosse à manchette en nylon pour doublure de caisse Sure Seal Dominion,Brosse à manchette en nylon pour doublure de caisse Sure Seal Dominion,19.93,"19,93 $",39.99,"Était±  39,99 $prix était 39,99 $",19.93,"19,93 $",19.93,"19,93 $",true,https://www.canadiantire.ca/fr/pdp/brosse-a-manchette-en-nylon-pour-doublure-de-caisse-sure-seal-dominion-0479976p.html,https://www.canadiantire.ca/fr/pdp/brosse-a-manchette-en-nylon-pour-doublure-de-caisse-sure-seal-dominion-0479976p.html,https://media-www.canadiantire.ca/product/automotive/car-care-accessories/auto-body-repair/0479976/bedliner-nylon-scuff-brush-fb1198af-02e4-4e78-9992-2116f42c874b-jpgrendition.jpg?im=whresize&wid=200&hei=200,https://media-www.canadiantire.ca/product/automotive/car-care-accessories/auto-body-repair/0479976/bedliner-nylon-scuff-brush-fb1198af-02e4-4e78-9992-2116f42c874b-jpgrendition.jpg?im=whresize&wid=200&hei=200,,0479976,047-9976-4,Il n’en reste que 2 #047-9976-4,Liquidation◊,50.16,"19,93","39,99"
51,"Kincardine, ON","Ampoules halogènes Kimpex 901168, type H4 P43T, 100/55 W, paq. 2","Ampoules halogènes Kimpex 901168, type H4 P43T, 100/55 W, paq. 2",10.93,"10,93 $",29.99,"Était±  29,99 $prix était 29,99 $",10.93,"10,93 $",10.93,"10,93 $",true,https://www.canadiantire.ca/fr/pdp/ampoules-halogenes-kimpex-901168-type-h4-p43t-100-55-w-paq-2-0262009p.html,https://www.canadiantire.ca/fr/pdp/ampoules-halogenes-kimpex-901168-type-h4-p43t-100-55-w-paq-2-0262009p.html,https://media-www.canadiantire.ca/product/automotive/automotive-outdoor-adventure/powersport/0262009/kimpex-halogen-bulb-type-h4-p43t-100-80w-2pk-114dcdc8-472b-418b-b1b3-ec67eb901338-jpgrendition.jpg?im=whresize&wid=200&hei=200,https://media-www.canadiantire.ca/product/automotive/automotive-outdoor-adventure/powersport/0262009/kimpex-halogen-bulb-type-h4-p43t-100-80w-2pk-114dcdc8-472b-418b-b1b3-ec67eb901338-jpgrendition.jpg?im=whresize&wid=200&hei=200,,0262009,026-2009-0,Il n’en reste que 1 #026-2009-0,Liquidation◊,63.55,"10,93","29,99"
51,"Kincardine, ON","Sirop de soda biologique SodaStream Classic, saveur tonique, végétalien, 500 mL","Sirop de soda biologique SodaStream Classic, saveur tonique, végétalien, 500 mL",2.93,"2,93 $",9.99,"Était±  9,99 $prix était 9,99 $",2.93,"2,93 $",2.93,"2,93 $",true,https://www.canadiantire.ca/fr/pdp/sirop-de-soda-biologique-sodastream-classic-saveur-tonique-vegetalien-500-ml-0535519p.html,https://www.canadiantire.ca/fr/pdp/sirop-de-soda-biologique-sodastream-classic-saveur-tonique-vegetalien-500-ml-0535519p.html,https://media-www.canadiantire.ca/product/living/kitchen/kitchen-appliances/0535519/soda-stream-soda-press-tonic-ac13e2fe-f3f5-4847-a707-601b476054ab-jpgrendition.jpg?im=whresize&wid=200&hei=200,https://media-www.canadiantire.ca/product/living/kitchen/kitchen-appliances/0535519/soda-stream-soda-press-tonic-ac13e2fe-f3f5-4847-a707-601b476054ab-jpgrendition.jpg?im=whresize&wid=200&hei=200,,0535519,053-5519-2,Il n’en reste que 1 #053-5519-2,Liquidation◊Exclusivité,70.67,"2,93","9,99"
51,"Kincardine, ON","Protège-toit en caoutchouc pour VR CAMCO Pro-Tech, 2 étapes","Protège-toit en caoutchouc pour VR CAMCO Pro-Tech, 2 étapes",37.93,"37,93 $",89.99,"Était±  89,99 $prix était 89,99 $",37.93,"37,93 $",37.93,"37,93 $",true,https://www.canadiantire.ca/fr/pdp/protege-toit-en-caoutchouc-pour-vr-camco-pro-tech-2-etapes-0409771p.html,https://www.canadiantire.ca/fr/pdp/protege-toit-en-caoutchouc-pour-vr-camco-pro-tech-2-etapes-0409771p.html,https://media-www.canadiantire.ca/product/automotive/automotive-outdoor-adventure/auto-travel-storage/0409771/camco-pro-tec-rubber-roof-care-system-pro-strength-1edc4a5c-0c4d-4714-8e1e-437a9c2cd385-jpgrendition.jpg?im=whresize&wid=200&hei=200,https://media-www.canadiantire.ca/product/automotive/automotive-outdoor-adventure/auto-travel-storage/0409771/camco-pro-tec-rubber-roof-care-system-pro-strength-1edc4a5c-0c4d-4714-8e1e-437a9c2cd385-jpgrendition.jpg?im=whresize&wid=200&hei=200,,0409771,040-9771-4,Il n’en reste que 1 #040-9771-4,Liquidation◊Mieux notés,57.85,"37,93","89,99"
51,"Kincardine, ON","Lapin blanc avec fleur gonflable, 5 pi","Lapin blanc avec fleur gonflable, 5 pi",24.93,"24,93 $",49.99,"Était±  49,99 $prix était 49,99 $",24.93,"24,93 $",24.93,"24,93 $",true,https://www.canadiantire.ca/fr/pdp/lapin-blanc-avec-fleur-gonflable-5-pi-1519128p.html,https://www.canadiantire.ca/fr/pdp/lapin-blanc-avec-fleur-gonflable-5-pi-1519128p.html,https://media-www.canadiantire.ca/product/seasonal-gardening/seasonal/seasonal-decor/1519128/airblown-6-white-bunny-with-flower-inflatable-c202c8bb-c4c0-4c07-b082-173b582e6b03-jpgrendition.jpg?im=whresize&wid=200&hei=200,https://media-www.canadiantire.ca/product/seasonal-gardening/seasonal/seasonal-decor/1519128/airblown-6-white-bunny-with-flower-inflatable-c202c8bb-c4c0-4c07-b082-173b582e6b03-jpgrendition.jpg?im=whresize&wid=200&hei=200,,1519128,151-9128-4,Il n’en reste que 3 #151-9128-4,Liquidation◊Mieux notés,50.13,"24,93","49,99"
51,"Kincardine, ON","Anneau adaptateur Leviton REA00-722 Renu, blanc","Anneau adaptateur Leviton REA00-722 Renu, blanc",0.43,"0,43 $",0.99,"Était±  0,99 $prix était 0,99 $",0.43,"0,43 $",0.43,"0,43 $",true,https://www.canadiantire.ca/fr/pdp/anneau-adaptateur-leviton-rea00-722-renu-blanc-0528277p.html,https://www.canadiantire.ca/fr/pdp/anneau-adaptateur-leviton-rea00-722-renu-blanc-0528277p.html,https://media-www.canadiantire.ca/product/fixing/electrical/rough-electrical/0528277/renu-white-adapter-ring-fdc61859-7fe1-48ea-b79b-c8e7471aea0d-jpgrendition.jpg?im=whresize&wid=200&hei=200,https://media-www.canadiantire.ca/product/fixing/electrical/rough-electrical/0528277/renu-white-adapter-ring-fdc61859-7fe1-48ea-b79b-c8e7471aea0d-jpgrendition.jpg?im=whresize&wid=200&hei=200,,0528277,052-8277-0,Il n’en reste que 5 #052-8277-0,Liquidation◊,56.57,"0,43","0,99"
51,"Kincardine, ON",Filtre de rechange pour aspirateur à main Hoover ONEPWR,Filtre de rechange pour aspirateur à main Hoover ONEPWR,9.93,"9,93 $",26.99,"Était±  26,99 $prix était 26,99 $",9.93,"9,93 $",9.93,"9,93 $",true,https://www.canadiantire.ca/fr/pdp/filtre-de-rechange-pour-aspirateur-a-main-hoover-onepwr-0439451p.html,https://www.canadiantire.ca/fr/pdp/filtre-de-rechange-pour-aspirateur-a-main-hoover-onepwr-0439451p.html,https://media-www.canadiantire.ca/product/living/cleaning/vacuums-and-floorcare/0439451/hoover-onepwr-hand-vacuum-filter-c7f552c6-3fca-4e70-ba95-9d41543eead9-jpgrendition.jpg?im=whresize&wid=200&hei=200,https://media-www.canadiantire.ca/product/living/cleaning/vacuums-and-floorcare/0439451/hoover-onepwr-hand-vacuum-filter-c7f552c6-3fca-4e70-ba95-9d41543eead9-jpgrendition.jpg?im=whresize&wid=200&hei=200,,0439451,043-9451-0,Il n’en reste que 3 #043-9451-0,Liquidation◊Mieux notés,63.21,"9,93","26,99"
51,"Kincardine, ON","Clapet antiretour Anka ,en polyéthylène, taille variée, noir","Clapet antiretour Anka ,en polyéthylène, taille variée, noir",2.93,"2,93 $",22.99,"22,99 $Était   et+ prix était à partir de 22,99 $",2.93,"2,93 $",2.93,"2,93 $",true,https://www.canadiantire.ca/fr/pdp/clapet-antiretour-anka-en-polyethylene-taille-variee-noir-0624130p.html,https://www.canadiantire.ca/fr/pdp/clapet-antiretour-anka-en-polyethylene-taille-variee-noir-0624130p.html,https://media-www.canadiantire.ca/product/fixing/plumbing/water-management/0624138/anka-check-valve-1--200694f7-2a7e-4c2e-94ba-512200ccd722-jpgrendition.jpg?im=whresize&wid=200&hei=200,https://media-www.canadiantire.ca/product/fixing/plumbing/water-management/0624138/anka-check-valve-1--200694f7-2a7e-4c2e-94ba-512200ccd722-jpgrendition.jpg?im=whresize&wid=200&hei=200,,0624130,062-4130,,Liquidation◊,87.26,"2,93","22,99"
51,"Kincardine, ON",Support de type mât sur attelage Raleigh pour 4 vélos,Support de type mât sur attelage Raleigh pour 4 vélos,119.93,"119,93 $",239.99,"Était±  239,99 $prix était 239,99 $",119.93,"119,93 $",119.93,"119,93 $",true,https://www.canadiantire.ca/fr/pdp/support-de-type-mat-sur-attelage-raleigh-pour-4-velos-0401928p.html,https://www.canadiantire.ca/fr/pdp/support-de-type-mat-sur-attelage-raleigh-pour-4-velos-0401928p.html,https://media-www.canadiantire.ca/product/automotive/automotive-outdoor-adventure/auto-travel-storage/0401928/raleigh-4-bike-hitch-mast-carrier-a0298a05-6e1e-4191-89c1-f1911017bce4-jpgrendition.jpg?im=whresize&wid=200&hei=200,https://media-www.canadiantire.ca/product/automotive/automotive-outdoor-adventure/auto-travel-storage/0401928/raleigh-4-bike-hitch-mast-carrier-a0298a05-6e1e-4191-89c1-f1911017bce4-jpgrendition.jpg?im=whresize&wid=200&hei=200,,0401928,040-1928-2,Il n’en reste que 1 #040-1928-2,Liquidation◊Mieux notés,50.03,"119,93","239,99"
51,"Kincardine, ON",Table et chaises Gabby et la maison maison magique,Table et chaises Gabby et la maison maison magique,31.93,"31,93 $",69.99,"Était±  69,99 $prix était 69,99 $",31.93,"31,93 $",31.93,"31,93 $",true,https://www.canadiantire.ca/fr/pdp/table-et-chaises-gabby-et-la-maison-maison-magique-1500501p.html,https://www.canadiantire.ca/fr/pdp/table-et-chaises-gabby-et-la-maison-maison-magique-1500501p.html,https://media-www.canadiantire.ca/product/seasonal-gardening/toys/preschool-toys-activities/1500501/gabby-s-dollhouse-table-and-chairs-2c35a9f5-972e-4b07-86ce-4321b8a0fc81-jpgrendition.jpg?im=whresize&wid=200&hei=200,https://media-www.canadiantire.ca/product/seasonal-gardening/toys/preschool-toys-activities/1500501/gabby-s-dollhouse-table-and-chairs-2c35a9f5-972e-4b07-86ce-4321b8a0fc81-jpgrendition.jpg?im=whresize&wid=200&hei=200,,1500501,150-0501-0,Il n’en reste que 1 #150-0501-0,Liquidation◊,54.38,"31,93","69,99"
51,"Kincardine, ON","Sangle pour treuil avec crochet plat MotoMaster, résistance à la rupture de 15 000 lb, 4 po x 30 pi","Sangle pour treuil avec crochet plat MotoMaster, résistance à la rupture de 15 000 lb, 4 po x 30 pi",18.93,"18,93 $",44.99,"Était±  44,99 $prix était 44,99 $",18.93,"18,93 $",18.93,"18,93 $",true,https://www.canadiantire.ca/fr/pdp/sangle-pour-treuil-avec-crochet-plat-motomaster-resistance-a-la-rupture-de-15-000-lb-4-po-x-30-pi-0402742p.html,https://www.canadiantire.ca/fr/pdp/sangle-pour-treuil-avec-crochet-plat-motomaster-resistance-a-la-rupture-de-15-000-lb-4-po-x-30-pi-0402742p.html,https://media-www.canadiantire.ca/product/automotive/automotive-outdoor-adventure/tarps-cords/0402742/30ft-15-000lb-load-bind-winch-strap-1pk-83021b6e-adad-4166-9faf-ea1d00d1eb1b-jpgrendition.jpg?im=whresize&wid=200&hei=200,https://media-www.canadiantire.ca/product/automotive/automotive-outdoor-adventure/tarps-cords/0402742/30ft-15-000lb-load-bind-winch-strap-1pk-83021b6e-adad-4166-9faf-ea1d00d1eb1b-jpgrendition.jpg?im=whresize&wid=200&hei=200,,0402742,040-2742-6,Il n’en reste que 1 #040-2742-6,Liquidation◊Exclusivité,57.92,"18,93","44,99"
51,"Kincardine, ON","Autocuiseur en aluminium robuste avec couvercle verrouillable IMUSA, 15 L","Autocuiseur en aluminium robuste avec couvercle verrouillable IMUSA, 15 L",59.93,"59,93 $",129.99,"Était±  129,99 $prix était 129,99 $",59.93,"59,93 $",59.93,"59,93 $",true,https://www.canadiantire.ca/fr/pdp/autocuiseur-en-aluminium-robuste-avec-couvercle-verrouillable-imusa-15-l-1429501p.html,https://www.canadiantire.ca/fr/pdp/autocuiseur-en-aluminium-robuste-avec-couvercle-verrouillable-imusa-15-l-1429501p.html,https://media-www.canadiantire.ca/product/living/kitchen/canning/1429501/imusa-16qt-pressure-cooker-fbc32b43-65c0-4a4f-897f-6f9736ecf4fe-jpgrendition.jpg?im=whresize&wid=200&hei=200,https://media-www.canadiantire.ca/product/living/kitchen/canning/1429501/imusa-16qt-pressure-cooker-fbc32b43-65c0-4a4f-897f-6f9736ecf4fe-jpgrendition.jpg?im=whresize&wid=200&hei=200,,1429501,142-9501-6,Il n’en reste que 2 #142-9501-6,Liquidation◊,53.9,"59,93","129,99"
51,"Kincardine, ON","Ensemble d’ornements incassables transparents avec garniture bleue For Living, emb. 20","Ensemble d’ornements incassables transparents avec garniture bleue For Living, emb. 20",12.93,"12,93 $",29.99,"Était±  29,99 $prix était 29,99 $",12.93,"12,93 $",12.93,"12,93 $",true,https://www.canadiantire.ca/fr/pdp/ensemble-d-ornements-incassables-transparents-avec-garniture-bleue-for-living-emb-20-1519364p.html,https://www.canadiantire.ca/fr/pdp/ensemble-d-ornements-incassables-transparents-avec-garniture-bleue-for-living-emb-20-1519364p.html,https://media-www.canadiantire.ca/product/seasonal-gardening/seasonal/christmas-indoor-decor/1519364/blue-20-pack-80mm-clear-ball-set-with-design--638b36e8-a2b1-438b-9be9-9dcd57c5f651-jpgrendition.jpg?im=whresize&wid=200&hei=200,https://media-www.canadiantire.ca/product/seasonal-gardening/seasonal/christmas-indoor-decor/1519364/blue-20-pack-80mm-clear-ball-set-with-design--638b36e8-a2b1-438b-9be9-9dcd57c5f651-jpgrendition.jpg?im=whresize&wid=200&hei=200,,1519364,151-9364-0,Il n’en reste que 1 #151-9364-0,Liquidation◊Exclusivité,56.89,"12,93","29,99"
51,"Kincardine, ON",Filtre pour aspirateur de rechange Dirt Devil F77 Vibe,Filtre pour aspirateur de rechange Dirt Devil F77 Vibe,4.93,"4,93 $",11.99,"Était±  11,99 $prix était 11,99 $",4.93,"4,93 $",4.93,"4,93 $",true,https://www.canadiantire.ca/fr/pdp/filtre-pour-aspirateur-de-rechange-dirt-devil-f77-vibe-0439453p.html,https://www.canadiantire.ca/fr/pdp/filtre-pour-aspirateur-de-rechange-dirt-devil-f77-vibe-0439453p.html,https://media-www.canadiantire.ca/product/living/cleaning/vacuums-and-floorcare/0439453/dirt-devil-f77-vibe-vacuum-filter-16e912f4-2084-4aaa-b66c-0eeef7dd00e4-jpgrendition.jpg?im=whresize&wid=200&hei=200,https://media-www.canadiantire.ca/product/living/cleaning/vacuums-and-floorcare/0439453/dirt-devil-f77-vibe-vacuum-filter-16e912f4-2084-4aaa-b66c-0eeef7dd00e4-jpgrendition.jpg?im=whresize&wid=200&hei=200,,0439453,043-9453-6,Il n’en reste que 1 #043-9453-6,Liquidation◊Mieux notés,58.88,"4,93","11,99"
51,"Kincardine, ON","Adaptateur Hopkins avec test DEL, rond 6 fils à plat 4 fils","Adaptateur Hopkins avec test DEL, rond 6 fils à plat 4 fils",10.93,"10,93 $",24.99,"Était±  24,99 $prix était 24,99 $",10.93,"10,93 $",10.93,"10,93 $",true,https://www.canadiantire.ca/fr/pdp/adaptateur-hopkins-avec-test-del-rond-6-fils-a-plat-4-fils-1407231p.html,https://www.canadiantire.ca/fr/pdp/adaptateur-hopkins-avec-test-del-rond-6-fils-a-plat-4-fils-1407231p.html,https://media-www.canadiantire.ca/product/automotive/automotive-outdoor-adventure/auto-travel-storage/1407231/hopkins-led-test-6-round-to-4-flat-adapter-ad872c7c-526f-42ac-ba71-3bc6d8b17cf7-jpgrendition.jpg?im=whresize&wid=200&hei=200,https://media-www.canadiantire.ca/product/automotive/automotive-outdoor-adventure/auto-travel-storage/1407231/hopkins-led-test-6-round-to-4-flat-adapter-ad872c7c-526f-42ac-ba71-3bc6d8b17cf7-jpgrendition.jpg?im=whresize&wid=200&hei=200,,1407231,140-7231-4,Il n’en reste que 6 #140-7231-4,Liquidation◊,56.26,"10,93","24,99"
51,"Kincardine, ON","Filtre purificateur d'air 3MMC FiltreteMC, FAPF02-4, 15 x 9 x 0,75 po","Filtre purificateur d'air 3MMC FiltreteMC, FAPF02-4, 15 x 9 x 0,75 po",9.93,"9,93 $",28.99,"Était±  28,99 $prix était 28,99 $",9.93,"9,93 $",9.93,"9,93 $",true,https://www.canadiantire.ca/fr/pdp/filtre-purificateur-d-air-3mmc-filtretemc-fapf02-4-15-x-9-x-0-75-po-0435095p.html,https://www.canadiantire.ca/fr/pdp/filtre-purificateur-d-air-3mmc-filtretemc-fapf02-4-15-x-9-x-0-75-po-0435095p.html,https://media-www.canadiantire.ca/product/fixing/home-environment/home-air-quality-accessories/0435095/filter-for-43-5026-uv-plug-in-813c02a5-d05b-4125-8df5-aac147c9a770-jpgrendition.jpg?im=whresize&wid=200&hei=200,https://media-www.canadiantire.ca/product/fixing/home-environment/home-air-quality-accessories/0435095/filter-for-43-5026-uv-plug-in-813c02a5-d05b-4125-8df5-aac147c9a770-jpgrendition.jpg?im=whresize&wid=200&hei=200,,0435095,043-5095-2,Il n’en reste que 4 #043-5095-2,Liquidation◊Mieux notés,65.75,"9,93","28,99"
51,"Kincardine, ON","Décoration d'intérieur de Noël plus pantoufles de lutin, taille unique, rouge, 9-1/2 po","Décoration d'intérieur de Noël plus pantoufles de lutin, taille unique, rouge, 9-1/2 po",10.19,"10,19 $",29.99,"Était±  29,99 $prix était 29,99 $",10.19,"10,19 $",10.19,"10,19 $",true,https://www.canadiantire.ca/fr/pdp/decoration-d-interieur-de-noel-plus-pantoufles-de-lutin-taille-unique-rouge-9-1-2-po-1516198p.html,https://www.canadiantire.ca/fr/pdp/decoration-d-interieur-de-noel-plus-pantoufles-de-lutin-taille-unique-rouge-9-1-2-po-1516198p.html,https://media-www.canadiantire.ca/product/seasonal-gardening/seasonal/seasonal-decor/1516198/9-5-santa-slippers-1783b59f-d96b-4eb1-a94e-ab2f6cd10679-jpgrendition.jpg?im=whresize&wid=200&hei=200,https://media-www.canadiantire.ca/product/seasonal-gardening/seasonal/seasonal-decor/1516198/9-5-santa-slippers-1783b59f-d96b-4eb1-a94e-ab2f6cd10679-jpgrendition.jpg?im=whresize&wid=200&hei=200,,1516198,151-6198-4,,Liquidation◊Mieux notés,66.02,"10,19","29,99"
51,"Kincardine, ON","Ballon en aluminium satiné rond It's A Baby Girl, rose, 17 po, gonflement à l'hélium et ruban inclus, pour fête prénatale","Ballon en aluminium satiné rond It's A Baby Girl, rose, 17 po, gonflement à l'hélium et ruban inclus, pour fête prénatale",0.93,"0,93 $",6.99,"Était±  6,99 $prix était 6,99 $",0.93,"0,93 $",0.93,"0,93 $",true,https://www.canadiantire.ca/fr/pdp/ballon-en-aluminium-satine-rond-it-s-a-baby-girl-rose-17-po-gonflement-a-l-helium-et-ruban-inclus-pour-fete-prenatale-8423953p.html,https://www.canadiantire.ca/fr/pdp/ballon-en-aluminium-satine-rond-it-s-a-baby-girl-rose-17-po-gonflement-a-l-helium-et-ruban-inclus-pour-fete-prenatale-8423953p.html,https://media-www.partycity.ca/product/seasonal-gardening/party-city-everyday/party-city-party-supplies-decor/8423953/749-18in-bln-shwr-lv-onesie-gl-86f5dc4e-e077-41c6-b03d-bfbd00442492-jpgrendition.jpg?im=whresize&wid=200&hei=200,https://media-www.partycity.ca/product/seasonal-gardening/party-city-everyday/party-city-party-supplies-decor/8423953/749-18in-bln-shwr-lv-onesie-gl-86f5dc4e-e077-41c6-b03d-bfbd00442492-jpgrendition.jpg?im=whresize&wid=200&hei=200,,8423953,842-3953-0,Il n’en reste que 5 #842-3953-0,Liquidation◊Articles à succès,86.7,"0,93","6,99"
51,"Kincardine, ON","Diviseur vidéo numérique 4 voies RCA, doré","Diviseur vidéo numérique 4 voies RCA, doré",10.93,"10,93 $",22.99,"Était±  22,99 $prix était 22,99 $",10.93,"10,93 $",10.93,"10,93 $",true,https://www.canadiantire.ca/fr/pdp/diviseur-video-numerique-4-voies-rca-dore-0452823p.html,https://www.canadiantire.ca/fr/pdp/diviseur-video-numerique-4-voies-rca-dore-0452823p.html,https://media-www.canadiantire.ca/product/living/electronics/home-entertainment-accessories/0452823/4-way-digital-video-splitter-d3f5c13c-1798-40a9-9e3e-be6d51176e3f-jpgrendition.jpg?im=whresize&wid=200&hei=200,https://media-www.canadiantire.ca/product/living/electronics/home-entertainment-accessories/0452823/4-way-digital-video-splitter-d3f5c13c-1798-40a9-9e3e-be6d51176e3f-jpgrendition.jpg?im=whresize&wid=200&hei=200,,0452823,045-2823-4,Il n’en reste que 5 #045-2823-4,Liquidation◊Mieux notés,52.46,"10,93","22,99"
51,"Kincardine, ON","Briggs & Stratton - Buse compatible avec laveuse haute pression à essence, 4 000 lb/po², 2 pcs","Briggs & Stratton - Buse compatible avec laveuse haute pression à essence, 4 000 lb/po², 2 pcs",9.93,"9,93 $",33.99,"Était±  33,99 $prix était 33,99 $",9.93,"9,93 $",9.93,"9,93 $",true,https://www.canadiantire.ca/fr/pdp/briggs-stratton-buse-compatible-avec-laveuse-haute-pression-a-essence-4-000-lb-po2-2-pcs-0398528p.html,https://www.canadiantire.ca/fr/pdp/briggs-stratton-buse-compatible-avec-laveuse-haute-pression-a-essence-4-000-lb-po2-2-pcs-0398528p.html,https://media-www.canadiantire.ca/product/automotive/car-care-accessories/pressure-washers-accessories/0398528/briggs-stratton-second-story-kit-cf97c87f-c084-4c56-89f3-22723d812a1d-jpgrendition.jpg?im=whresize&wid=200&hei=200,https://media-www.canadiantire.ca/product/automotive/car-care-accessories/pressure-washers-accessories/0398528/briggs-stratton-second-story-kit-cf97c87f-c084-4c56-89f3-22723d812a1d-jpgrendition.jpg?im=whresize&wid=200&hei=200,,0398528,039-8528-8,Il n’en reste que 1 #039-8528-8,Liquidation◊Mieux notés,70.79,"9,93","33,99"
51,"Kincardine, ON","Couvert en plastique Disney La reine des neiges 2, sans BPA, 2 pièces","Couvert en plastique Disney La reine des neiges 2, sans BPA, 2 pièces",2.93,"2,93 $",7.99,"Était±  7,99 $prix était 7,99 $",2.93,"2,93 $",2.93,"2,93 $",true,https://www.canadiantire.ca/fr/pdp/couvert-en-plastique-disney-la-reine-des-neiges-2-sans-bpa-2-pieces-1423590p.html,https://www.canadiantire.ca/fr/pdp/couvert-en-plastique-disney-la-reine-des-neiges-2-sans-bpa-2-pieces-1423590p.html,https://media-www.canadiantire.ca/product/living/kitchen/dining-and-entertaining/1423590/frozen-cutlery-1455de43-b501-4d8b-8a94-df724625fae3.png?im=whresize&wid=200&hei=200,https://media-www.canadiantire.ca/product/living/kitchen/dining-and-entertaining/1423590/frozen-cutlery-1455de43-b501-4d8b-8a94-df724625fae3.png?im=whresize&wid=200&hei=200,,1423590,142-3590-8,Il n’en reste que 3 #142-3590-8,Liquidation◊,63.33,"2,93","7,99"
51,"Kincardine, ON","Masques confortables réglables Honeywell, blanc, paq. 5","Masques confortables réglables Honeywell, blanc, paq. 5",1.93,"1,93 $",5.99,"Était±  5,99 $prix était 5,99 $",1.93,"1,93 $",1.93,"1,93 $",true,https://www.canadiantire.ca/fr/pdp/masques-confortables-reglables-honeywell-blanc-paq-5-0550052p.html,https://www.canadiantire.ca/fr/pdp/masques-confortables-reglables-honeywell-blanc-paq-5-0550052p.html,https://media-www.canadiantire.ca/product/fixing/tools/cutting-measuring/0550052/honeywell-dust-masks-5pc-26ca2b40-65b6-4088-8770-c63c1e290726-jpgrendition.jpg?im=whresize&wid=200&hei=200,https://media-www.canadiantire.ca/product/fixing/tools/cutting-measuring/0550052/honeywell-dust-masks-5pc-26ca2b40-65b6-4088-8770-c63c1e290726-jpgrendition.jpg?im=whresize&wid=200&hei=200,,0550052,055-0052-6,Il n’en reste que 1 #055-0052-6,Liquidation◊,67.78,"1,93","5,99"
51,"Kincardine, ON",Douille Pop Socket texturée,Douille Pop Socket texturée,4.93,"4,93 $",14.99,"Était±  14,99 $prix était 14,99 $",4.93,"4,93 $",4.93,"4,93 $",true,https://www.canadiantire.ca/fr/pdp/douille-pop-socket-texturee-0355477p.html,https://www.canadiantire.ca/fr/pdp/douille-pop-socket-texturee-0355477p.html,https://media-www.canadiantire.ca/product/automotive/electronics/mobile-electronics/0355477/textured-pop-socket-c64f1a44-9196-468b-8eb1-95b6b39240ec-jpgrendition.jpg?im=whresize&wid=200&hei=200,https://media-www.canadiantire.ca/product/automotive/electronics/mobile-electronics/0355477/textured-pop-socket-c64f1a44-9196-468b-8eb1-95b6b39240ec-jpgrendition.jpg?im=whresize&wid=200&hei=200,,0355477,035-5477-4,,Liquidation◊,67.11,"4,93","14,99"
51,"Kincardine, ON",Aube en caoutchouc de rechange Certified pour souffleuses Toro (ReP 117-7700),Aube en caoutchouc de rechange Certified pour souffleuses Toro (ReP 117-7700),19.93,"19,93 $",42.99,"Était±  42,99 $prix était 42,99 $",19.93,"19,93 $",19.93,"19,93 $",true,https://www.canadiantire.ca/fr/pdp/aube-en-caoutchouc-de-rechange-certified-pour-souffleuses-toro-rep-117-7700-0604577p.html,https://www.canadiantire.ca/fr/pdp/aube-en-caoutchouc-de-rechange-certified-pour-souffleuses-toro-rep-117-7700-0604577p.html,https://media-www.canadiantire.ca/product/seasonal-gardening/outdoor-tools/tractor-lawn-mower-snowthrower-parts/0604577/certified-rubber-paddle-rotor-blade-fits-toro-rep-117-7700--317cdef4-4120-44a6-88e8-ac7e90288e9f-jpgrendition.jpg?im=whresize&wid=200&hei=200,https://media-www.canadiantire.ca/product/seasonal-gardening/outdoor-tools/tractor-lawn-mower-snowthrower-parts/0604577/certified-rubber-paddle-rotor-blade-fits-toro-rep-117-7700--317cdef4-4120-44a6-88e8-ac7e90288e9f-jpgrendition.jpg?im=whresize&wid=200&hei=200,,0604577,060-4577-0,Il n’en reste que 1 #060-4577-0,Liquidation◊Mieux notés,53.64,"19,93","42,99"
51,"Kincardine, ON","Ballon en aluminium satiné, perluète, choix de couleurs, 11 x 14 po, gonflé d'air, pour anniversaire/remise de diplômes/fête prénatale/mariage de finissants","Ballon en aluminium satiné, perluète, choix de couleurs, 11 x 14 po, gonflé d'air, pour anniversaire/remise de diplômes/fête prénatale/mariage de finissants",0.43,"0,43 $",2.99,"2,99 $Était   et+ prix était à partir de 2,99 $",0.43,"0,43 $",0.43,"0,43 $",true,https://www.canadiantire.ca/fr/pdp/ballon-en-aluminium-satine-perluete-choix-de-couleurs-11-x-14-po-gonfle-d-air-pour-anniversaire-remise-de-diplomes-fete-prenatale-mariage-de-finissants-8423770p.html,https://www.canadiantire.ca/fr/pdp/ballon-en-aluminium-satine-perluete-choix-de-couleurs-11-x-14-po-gonfle-d-air-pour-anniversaire-remise-de-diplomes-fete-prenatale-mariage-de-finissants-8423770p.html,https://media-www.partycity.ca/product/seasonal-gardening/party-city-everyday/party-city-party-supplies-decor/8423771/gld-blln-a-f-a-92be138f-0e28-4a35-bed3-8cd983ad4759-jpgrendition.jpg?im=whresize&wid=200&hei=200,https://media-www.partycity.ca/product/seasonal-gardening/party-city-everyday/party-city-party-supplies-decor/8423771/gld-blln-a-f-a-92be138f-0e28-4a35-bed3-8cd983ad4759-jpgrendition.jpg?im=whresize&wid=200&hei=200,,8423770,842-3770,,Liquidation◊Mieux notés,85.62,"0,43","2,99"
51,"Kincardine, ON","Tapis touffeté For Living Logan, intérieur, écru, 24 x 36 po","Tapis touffeté For Living Logan, intérieur, écru, 24 x 36 po",9.93,"9,93 $",19.99,"Était±  19,99 $prix était 19,99 $",9.93,"9,93 $",9.93,"9,93 $",true,https://www.canadiantire.ca/fr/pdp/tapis-touffete-for-living-logan-interieur-ecru-24-x-36-po-0682485p.html,https://www.canadiantire.ca/fr/pdp/tapis-touffete-for-living-logan-interieur-ecru-24-x-36-po-0682485p.html,https://media-www.canadiantire.ca/product/living/home-decor/floor-window-decor/0682485/mat-logan2-x3-asst-04c11029-de92-42d2-85bd-a911c49b12ba-jpgrendition.jpg?im=whresize&wid=200&hei=200,https://media-www.canadiantire.ca/product/living/home-decor/floor-window-decor/0682485/mat-logan2-x3-asst-04c11029-de92-42d2-85bd-a911c49b12ba-jpgrendition.jpg?im=whresize&wid=200&hei=200,,0682485,068-2485-4,Il n’en reste que 2 #068-2485-4,Liquidation◊Mieux notés,50.33,"9,93","19,99"
51,"Kincardine, ON","Sangles élastiques standard Certified, choix de tailles, paq. 10","Sangles élastiques standard Certified, choix de tailles, paq. 10",4.93,"4,93 $",13.99,"Était±  13,99 $prix était 13,99 $",4.93,"4,93 $",4.93,"4,93 $",true,https://www.canadiantire.ca/fr/pdp/sangles-elastiques-standard-certified-choix-de-tailles-paq-10-0402707p.html,https://www.canadiantire.ca/fr/pdp/sangles-elastiques-standard-certified-choix-de-tailles-paq-10-0402707p.html,https://media-www.canadiantire.ca/product/automotive/automotive-outdoor-adventure/tarps-cords/0402707/10-piece-standard-bungee-value-pack-00a247e4-fce2-4e6a-acc6-e1786e273fca-jpgrendition.jpg?im=whresize&wid=200&hei=200,https://media-www.canadiantire.ca/product/automotive/automotive-outdoor-adventure/tarps-cords/0402707/10-piece-standard-bungee-value-pack-00a247e4-fce2-4e6a-acc6-e1786e273fca-jpgrendition.jpg?im=whresize&wid=200&hei=200,,0402707,040-2707-2,,Liquidation◊Articles à succès,64.76,"4,93","13,99"
51,"Kincardine, ON",Entonnoir pliable Joie,Entonnoir pliable Joie,2.43,"2,43 $",4.99,"Était±  4,99 $prix était 4,99 $",2.43,"2,43 $",2.43,"2,43 $",true,https://www.canadiantire.ca/fr/pdp/entonnoir-pliable-joie-1426659p.html,https://www.canadiantire.ca/fr/pdp/entonnoir-pliable-joie-1426659p.html,https://media-www.canadiantire.ca/product/living/kitchen/kitchen-tools-thermometers/1426659/joie-collapsible-funnel-77a55270-96e3-4b1c-9ed9-4610418ce56e-jpgrendition.jpg?im=whresize&wid=200&hei=200,https://media-www.canadiantire.ca/product/living/kitchen/kitchen-tools-thermometers/1426659/joie-collapsible-funnel-77a55270-96e3-4b1c-9ed9-4610418ce56e-jpgrendition.jpg?im=whresize&wid=200&hei=200,,1426659,142-6659-0,Il n’en reste que 1 #142-6659-0,Liquidation◊,51.3,"2,43","4,99"
51,"Kincardine, ON","Nécessaire de réparation pour pompe à réservoir Burcam 5505503, en cuir, 2-1/16 po","Nécessaire de réparation pour pompe à réservoir Burcam 5505503, en cuir, 2-1/16 po",2.93,"2,93 $",27.99,"Était±  27,99 $prix était 27,99 $",2.93,"2,93 $",2.93,"2,93 $",true,https://www.canadiantire.ca/fr/pdp/necessaire-de-reparation-pour-pompe-a-reservoir-burcam-5505503-en-cuir-2-1-16-po-0623514p.html,https://www.canadiantire.ca/fr/pdp/necessaire-de-reparation-pour-pompe-a-reservoir-burcam-5505503-en-cuir-2-1-16-po-0623514p.html,https://media-www.canadiantire.ca/product/fixing/plumbing/water-management/0623514/cistern-pump-repair-kit-2c9f9044-fa96-4590-9853-d86ea92db22b-jpgrendition.jpg?im=whresize&wid=200&hei=200,https://media-www.canadiantire.ca/product/fixing/plumbing/water-management/0623514/cistern-pump-repair-kit-2c9f9044-fa96-4590-9853-d86ea92db22b-jpgrendition.jpg?im=whresize&wid=200&hei=200,,0623514,062-3514-2,Il n’en reste que 1 #062-3514-2,Liquidation◊Mieux notés,89.53,"2,93","27,99"
51,"Kincardine, ON","Bandes abrasives à décapage rapide 3M, en oxyde d'aluminium, pour bois, métal, plastique et maçonnerie, 3 x 18 po","Bandes abrasives à décapage rapide 3M, en oxyde d'aluminium, pour bois, métal, plastique et maçonnerie, 3 x 18 po",4.93,"4,93 $",10.99,"10,99 $Était   et+ prix était à partir de 10,99 $",4.93,"4,93 $",4.93,"4,93 $",true,https://www.canadiantire.ca/fr/pdp/bandes-abrasives-a-decapage-rapide-3m-en-oxyde-d-aluminium-pour-bois-metal-plastique-et-maconnerie-3-x-18-po-0545588p.html,https://www.canadiantire.ca/fr/pdp/bandes-abrasives-a-decapage-rapide-3m-en-oxyde-d-aluminium-pour-bois-metal-plastique-et-maconnerie-3-x-18-po-0545588p.html,https://media-www.canadiantire.ca/product/fixing/tools/power-tool-accessories/0545588/3m-rapid-removal-3x18-power-sanding-belt-60-grit-1-pk-661f3a5d-028c-4fc9-83f8-83c95fa97c72-jpgrendition.jpg?im=whresize&wid=200&hei=200,https://media-www.canadiantire.ca/product/fixing/tools/power-tool-accessories/0545588/3m-rapid-removal-3x18-power-sanding-belt-60-grit-1-pk-661f3a5d-028c-4fc9-83f8-83c95fa97c72-jpgrendition.jpg?im=whresize&wid=200&hei=200,,0545588,054-5588,,Liquidation◊Mieux notés,55.14,"4,93","10,99"
51,"Kincardine, ON","Égaliseur de plancher Shur-Trim, or, 1,5 po x 3 pi","Égaliseur de plancher Shur-Trim, or, 1,5 po x 3 pi",4.93,"4,93 $",9.99,"Était±  9,99 $prix était 9,99 $",4.93,"4,93 $",4.93,"4,93 $",true,https://www.canadiantire.ca/fr/pdp/egaliseur-de-plancher-shur-trim-or-1-5-po-x-3-pi-0682822p.html,https://www.canadiantire.ca/fr/pdp/egaliseur-de-plancher-shur-trim-or-1-5-po-x-3-pi-0682822p.html,https://media-www.canadiantire.ca/product/living/home-decor/floor-window-decor/0682822/1-5x3-gold-equalizer-5907a440-5573-422c-8d16-ec49a3a60bd3-jpgrendition.jpg?im=whresize&wid=200&hei=200,https://media-www.canadiantire.ca/product/living/home-decor/floor-window-decor/0682822/1-5x3-gold-equalizer-5907a440-5573-422c-8d16-ec49a3a60bd3-jpgrendition.jpg?im=whresize&wid=200&hei=200,,0682822,068-2822-2,Il n’en reste que 2 #068-2822-2,Liquidation◊,50.65,"4,93","9,99"
51,"Kincardine, ON","CANVAS Collection Noël en campagne - Ornement de Noël Flocon de neige scintillant, 6 po","CANVAS Collection Noël en campagne - Ornement de Noël Flocon de neige scintillant, 6 po",0.43,"0,43 $",1.49,"Était±  1,49 $prix était 1,49 $",0.43,"0,43 $",0.43,"0,43 $",true,https://www.canadiantire.ca/fr/pdp/canvas-collection-noel-en-campagne-ornement-de-noel-flocon-de-neige-scintillant-6-po-1519300p.html,https://www.canadiantire.ca/fr/pdp/canvas-collection-noel-en-campagne-ornement-de-noel-flocon-de-neige-scintillant-6-po-1519300p.html,https://media-www.canadiantire.ca/product/seasonal-gardening/seasonal/christmas-indoor-decor/1519300/trend-glitter-snowflake-98e8407e-59b6-42a8-9a79-e74f27c61ea1-jpgrendition.jpg?im=whresize&wid=200&hei=200,https://media-www.canadiantire.ca/product/seasonal-gardening/seasonal/christmas-indoor-decor/1519300/trend-glitter-snowflake-98e8407e-59b6-42a8-9a79-e74f27c61ea1-jpgrendition.jpg?im=whresize&wid=200&hei=200,,1519300,151-9300-2,,Liquidation◊Exclusivité,71.14,"0,43","1,49"
51,"Kincardine, ON","Visière pare-soleil HD Vision, comme à la télé","Visière pare-soleil HD Vision, comme à la télé",6.93,"6,93 $",19.99,"Était±  19,99 $prix était 19,99 $",6.93,"6,93 $",6.93,"6,93 $",true,https://www.canadiantire.ca/fr/pdp/visiere-pare-soleil-hd-vision-comme-a-la-tele-0372566p.html,https://www.canadiantire.ca/fr/pdp/visiere-pare-soleil-hd-vision-comme-a-la-tele-0372566p.html,https://media-www.canadiantire.ca/product/automotive/car-care-accessories/auto-accessories/0372566/as-seen-on-tv-hd-vision-visor-0bc535a0-46a2-45b0-8307-8e70854a5076-jpgrendition.jpg?im=whresize&wid=200&hei=200,https://media-www.canadiantire.ca/product/automotive/car-care-accessories/auto-accessories/0372566/as-seen-on-tv-hd-vision-visor-0bc535a0-46a2-45b0-8307-8e70854a5076-jpgrendition.jpg?im=whresize&wid=200&hei=200,,0372566,037-2566-6,Il n’en reste que 3 #037-2566-6,Liquidation◊,65.33,"6,93","19,99"
51,"Kincardine, ON","Animal en peluche familier Ty Beanie Boos, Laney le léopard rose et vert, 3 ans et plus","Animal en peluche familier Ty Beanie Boos, Laney le léopard rose et vert, 3 ans et plus",3.43,"3,43 $",7.99,"Était±  7,99 $prix était 7,99 $",3.43,"3,43 $",3.43,"3,43 $",true,https://www.canadiantire.ca/fr/pdp/animal-en-peluche-familier-ty-beanie-boos-laney-le-leopard-rose-et-vert-3-ans-et-plus-0506493p.html,https://www.canadiantire.ca/fr/pdp/animal-en-peluche-familier-ty-beanie-boos-laney-le-leopard-rose-et-vert-3-ans-et-plus-0506493p.html,https://media-www.canadiantire.ca/product/seasonal-gardening/toys/preschool-toys-activities/0506493/ty-helena-dog-squish-14--a8c8ef1e-bb96-48cb-b98c-b45832d32f8c-jpgrendition.jpg?im=whresize&wid=200&hei=200,https://media-www.canadiantire.ca/product/seasonal-gardening/toys/preschool-toys-activities/0506493/ty-helena-dog-squish-14--a8c8ef1e-bb96-48cb-b98c-b45832d32f8c-jpgrendition.jpg?im=whresize&wid=200&hei=200,,0506493,050-6493-0,Il n’en reste que 1 #050-6493-0,Liquidation◊Mieux notés,57.07,"3,43","7,99"
51,"Kincardine, ON","Lames de sûreté tout usage Mastercraft, paq. 10","Lames de sûreté tout usage Mastercraft, paq. 10",1.93,"1,93 $",5.99,"Était±  5,99 $prix était 5,99 $",1.93,"1,93 $",1.93,"1,93 $",true,https://www.canadiantire.ca/fr/pdp/lames-de-surete-tout-usage-mastercraft-paq-10-0574688p.html,https://www.canadiantire.ca/fr/pdp/lames-de-surete-tout-usage-mastercraft-paq-10-0574688p.html,https://media-www.canadiantire.ca/product/fixing/tools/cutting-measuring/0574688/mastercraft-safety-utility-blades-10-pack-a90412df-6e98-491b-a000-c49d48a5f7b4-jpgrendition.jpg?im=whresize&wid=200&hei=200,https://media-www.canadiantire.ca/product/fixing/tools/cutting-measuring/0574688/mastercraft-safety-utility-blades-10-pack-a90412df-6e98-491b-a000-c49d48a5f7b4-jpgrendition.jpg?im=whresize&wid=200&hei=200,,0574688,057-4688-6,Il n’en reste que 5 #057-4688-6,Liquidation◊Exclusivité,67.78,"1,93","5,99"
51,"Kincardine, ON","For Living - Boule de Noël incassable, inclus boîte de rangement, couleur et forme variée, 40 pcs","For Living - Boule de Noël incassable, inclus boîte de rangement, couleur et forme variée, 40 pcs",7.93,"7,93 $",24.99,"Était±  24,99 $prix était 24,99 $",7.93,"7,93 $",7.93,"7,93 $",true,https://www.canadiantire.ca/fr/pdp/for-living-boule-de-noel-incassable-inclus-boite-de-rangement-couleur-et-forme-variee-40-pcs-1514643p.html,https://www.canadiantire.ca/fr/pdp/for-living-boule-de-noel-incassable-inclus-boite-de-rangement-couleur-et-forme-variee-40-pcs-1514643p.html,https://media-www.canadiantire.ca/product/seasonal-gardening/seasonal/seasonal-decor/1514643/40pc-stacked-gift-shatterproof-set-brights-70ffe744-f1ec-4321-868f-e35fcc612346-jpgrendition.jpg?im=whresize&wid=200&hei=200,https://media-www.canadiantire.ca/product/seasonal-gardening/seasonal/seasonal-decor/1514643/40pc-stacked-gift-shatterproof-set-brights-70ffe744-f1ec-4321-868f-e35fcc612346-jpgrendition.jpg?im=whresize&wid=200&hei=200,,1514643,151-4643-6,,Liquidation◊Mieux notés,68.27,"7,93","24,99"
51,"Kincardine, ON","Leurre Lunkerhunt Hive Micro Strider, 1 po","Leurre Lunkerhunt Hive Micro Strider, 1 po",2.93,"2,93 $",5.99,"5,99 $Était   et+ prix était à partir de 5,99 $",2.93,"2,93 $",2.93,"2,93 $",true,https://www.canadiantire.ca/fr/pdp/leurre-lunkerhunt-hive-micro-strider-1-po-0774588p.html,https://www.canadiantire.ca/fr/pdp/leurre-lunkerhunt-hive-micro-strider-1-po-0774588p.html,https://media-www.canadiantire.ca/product/playing/fishing/ice-fishing/0774590/lunkerhunt-hive-micro-strider-1-black-c7f7e3b3-604b-4cc3-920c-fa9a1179786d-jpgrendition.jpg?im=whresize&wid=200&hei=200,https://media-www.canadiantire.ca/product/playing/fishing/ice-fishing/0774590/lunkerhunt-hive-micro-strider-1-black-c7f7e3b3-604b-4cc3-920c-fa9a1179786d-jpgrendition.jpg?im=whresize&wid=200&hei=200,,0774588,077-4588,,Liquidation◊,51.09,"2,93","5,99"
51,"Kincardine, ON","Range-tout d'angle AutoTrends, 12 V","Range-tout d'angle AutoTrends, 12 V",6.93,"6,93 $",21.99,"Était±  21,99 $prix était 21,99 $",6.93,"6,93 $",6.93,"6,93 $",true,https://www.canadiantire.ca/fr/pdp/range-tout-d-angle-autotrends-12-v-0372601p.html,https://www.canadiantire.ca/fr/pdp/range-tout-d-angle-autotrends-12-v-0372601p.html,https://media-www.canadiantire.ca/product/automotive/car-care-accessories/auto-accessories/0372601/autotrends-12v-wedge-organizer-51ec9de6-0d9a-4818-9136-b2cb5fd617e1.png?im=whresize&wid=200&hei=200,https://media-www.canadiantire.ca/product/automotive/car-care-accessories/auto-accessories/0372601/autotrends-12v-wedge-organizer-51ec9de6-0d9a-4818-9136-b2cb5fd617e1.png?im=whresize&wid=200&hei=200,,0372601,037-2601-2,Il n’en reste que 1 #037-2601-2,Liquidation◊Mieux notés,68.49,"6,93","21,99"
51,"Kincardine, ON",Le chargeur pour l’auto de 18 W de Bluehive avec câble USB-C à spirale est compatible avec la plupart des appareils,Le chargeur pour l’auto de 18 W de Bluehive avec câble USB-C à spirale est compatible avec la plupart des appareils,13.93,"13,93 $",29.99,"Était±  29,99 $prix était 29,99 $",13.93,"13,93 $",13.93,"13,93 $",true,https://www.canadiantire.ca/fr/pdp/le-chargeur-pour-l-auto-de-18-w-de-bluehive-avec-cable-usb-c-a-spirale-est-compatible-avec-la-plupart-des-appareils-0357378p.html,https://www.canadiantire.ca/fr/pdp/le-chargeur-pour-l-auto-de-18-w-de-bluehive-avec-cable-usb-c-a-spirale-est-compatible-avec-la-plupart-des-appareils-0357378p.html,https://media-www.canadiantire.ca/product/automotive/car-care-accessories/auto-electronics/0357378/bluehive-qc3-0-18w-car-charger-w-18w-usb-c-coil-cable-17c19730-2839-42d2-98a9-047b09f159be-jpgrendition.jpg?im=whresize&wid=200&hei=200,https://media-www.canadiantire.ca/product/automotive/car-care-accessories/auto-electronics/0357378/bluehive-qc3-0-18w-car-charger-w-18w-usb-c-coil-cable-17c19730-2839-42d2-98a9-047b09f159be-jpgrendition.jpg?im=whresize&wid=200&hei=200,,0357378,035-7378-8,,Liquidation◊Exclusivité,53.55,"13,93","29,99"
51,"Kincardine, ON","Serviettes de table 1er anniversaire, bleu et doré, paq. 16","Serviettes de table 1er anniversaire, bleu et doré, paq. 16",0.93,"0,93 $",3.49,"Était±  3,49 $prix était 3,49 $",0.93,"0,93 $",0.93,"0,93 $",true,https://www.canadiantire.ca/fr/pdp/serviettes-de-table-1er-anniversaire-bleu-et-dore-paq-16-8426635p.html,https://www.canadiantire.ca/fr/pdp/serviettes-de-table-1er-anniversaire-bleu-et-dore-paq-16-8426635p.html,https://media-www.canadiantire.ca/product/seasonal-gardening/party-city-everyday/party-city-party-supplies-decor/8426635/16ct-gld-ln-1st-bday-boy-56f96893-c93e-4b71-b3d1-1c60b9b67201-jpgrendition.jpg?im=whresize&wid=200&hei=200,https://media-www.canadiantire.ca/product/seasonal-gardening/party-city-everyday/party-city-party-supplies-decor/8426635/16ct-gld-ln-1st-bday-boy-56f96893-c93e-4b71-b3d1-1c60b9b67201-jpgrendition.jpg?im=whresize&wid=200&hei=200,,8426635,842-6635-0,Il n’en reste que 1 #842-6635-0,Liquidation◊,73.35,"0,93","3,49"
51,"Kincardine, ON","Ballon en aluminium satiné verre à vin Rose All Day, or rose, floral, 17 po ruban et gonflage hélium compris, pour enterrement de vie de jeune fille/fête prénuptiale","Ballon en aluminium satiné verre à vin Rose All Day, or rose, floral, 17 po ruban et gonflage hélium compris, pour enterrement de vie de jeune fille/fête prénuptiale",0.93,"0,93 $",6.99,"Était±  6,99 $prix était 6,99 $",0.93,"0,93 $",0.93,"0,93 $",true,https://www.canadiantire.ca/fr/pdp/ballon-en-aluminium-satine-verre-a-vin-rose-all-day-or-rose-floral-17-po-ruban-et-gonflage-helium-compris-pour-enterrement-de-vie-de-jeune-fille-fete-prenuptiale-8544290p.html,https://www.canadiantire.ca/fr/pdp/ballon-en-aluminium-satine-verre-a-vin-rose-all-day-or-rose-floral-17-po-ruban-et-gonflage-helium-compris-pour-enterrement-de-vie-de-jeune-fille-fete-prenuptiale-8544290p.html,https://media-www.canadiantire.ca/product/seasonal-gardening/party-city-everyday/party-city-party-supplies-decor/8544290/17-giant-rose-all-day-wine-glass-foil-balloon-c8955625-474c-48e2-a52c-b95e227a558e-jpgrendition.jpg?im=whresize&wid=200&hei=200,https://media-www.canadiantire.ca/product/seasonal-gardening/party-city-everyday/party-city-party-supplies-decor/8544290/17-giant-rose-all-day-wine-glass-foil-balloon-c8955625-474c-48e2-a52c-b95e227a558e-jpgrendition.jpg?im=whresize&wid=200&hei=200,,8544290,854-4290-2,Il n’en reste que 4 #854-4290-2,Liquidation◊Hélium compris,86.7,"0,93","6,99"
51,"Kincardine, ON","Bougie pour fête d'anniversaire, Battle Royal","Bougie pour fête d'anniversaire, Battle Royal",1.93,"1,93 $",6.49,"Était±  6,49 $prix était 6,49 $",1.93,"1,93 $",1.93,"1,93 $",true,https://www.canadiantire.ca/fr/pdp/bougie-pour-fete-d-anniversaire-battle-royal-8421713p.html,https://www.canadiantire.ca/fr/pdp/bougie-pour-fete-d-anniversaire-battle-royal-8421713p.html,https://media-www.partycity.ca/product/seasonal-gardening/party-city-everyday/party-city-party-supplies-decor/8421713/3in-bday-cndl-battle-royal-a04a8788-7357-4588-b982-0908fc45a66a-jpgrendition.jpg?im=whresize&wid=200&hei=200,https://media-www.partycity.ca/product/seasonal-gardening/party-city-everyday/party-city-party-supplies-decor/8421713/3in-bday-cndl-battle-royal-a04a8788-7357-4588-b982-0908fc45a66a-jpgrendition.jpg?im=whresize&wid=200&hei=200,,8421713,842-1713-4,Il n’en reste que 2 #842-1713-4,Liquidation◊Mieux notés,70.26,"1,93","6,49"
51,"Kincardine, ON","Ballon en aluminium satiné rond et étoiles Happy New Year, or/noir, 30 po, gonflement à l'hélium et ruban inclus, pour veille du jour de l'An","Ballon en aluminium satiné rond et étoiles Happy New Year, or/noir, 30 po, gonflement à l'hélium et ruban inclus, pour veille du jour de l'An",9.93,"9,93 $",19.99,"Était±  19,99 $prix était 19,99 $",9.93,"9,93 $",9.93,"9,93 $",true,https://www.canadiantire.ca/fr/pdp/ballon-en-aluminium-satine-rond-et-etoiles-happy-new-year-or-noir-30-po-gonflement-a-l-helium-et-ruban-inclus-pour-veille-du-jour-de-l-an-8431628p.html,https://www.canadiantire.ca/fr/pdp/ballon-en-aluminium-satine-rond-et-etoiles-happy-new-year-or-noir-30-po-gonflement-a-l-helium-et-ruban-inclus-pour-veille-du-jour-de-l-an-8431628p.html,https://media-www.partycity.ca/product/seasonal-gardening/party-city-everyday/party-city-party-supplies-decor/8431628/new-years-infused-balloon-3e7aa255-c21b-4b6f-abe0-030a23cf237c-jpgrendition.jpg?im=whresize&wid=200&hei=200,https://media-www.partycity.ca/product/seasonal-gardening/party-city-everyday/party-city-party-supplies-decor/8431628/new-years-infused-balloon-3e7aa255-c21b-4b6f-abe0-030a23cf237c-jpgrendition.jpg?im=whresize&wid=200&hei=200,,8431628,843-1628-6,Il n’en reste que 7 #843-1628-6,Liquidation◊Hélium compris,50.33,"9,93","19,99"
51,"Kincardine, ON",Dinosaure en peluche géant vert,Dinosaure en peluche géant vert,21.93,"21,93 $",69.99,"Était±  69,99 $prix était 69,99 $",21.93,"21,93 $",21.93,"21,93 $",true,https://www.canadiantire.ca/fr/pdp/dinosaure-en-peluche-geant-vert-0506363p.html,https://www.canadiantire.ca/fr/pdp/dinosaure-en-peluche-geant-vert-0506363p.html,https://media-www.canadiantire.ca/product/seasonal-gardening/toys/preschool-toys-activities/0506363/giant-dino-plush-bbab63b1-2185-4e78-b505-ab9618d40acd-jpgrendition.jpg?im=whresize&wid=200&hei=200,https://media-www.canadiantire.ca/product/seasonal-gardening/toys/preschool-toys-activities/0506363/giant-dino-plush-bbab63b1-2185-4e78-b505-ab9618d40acd-jpgrendition.jpg?im=whresize&wid=200&hei=200,,0506363,050-6363-0,,Liquidation◊Mieux notés,68.67,"21,93","69,99"
51,"Kincardine, ON","Nettoyant pour jantes et roues auto sur mesure Autoglym Custom, 500 mL","Nettoyant pour jantes et roues auto sur mesure Autoglym Custom, 500 mL",8.93,"8,93 $",18.99,"Était±  18,99 $prix était 18,99 $",8.93,"8,93 $",8.93,"8,93 $",true,https://www.canadiantire.ca/fr/pdp/nettoyant-pour-jantes-et-roues-auto-sur-mesure-autoglym-custom-500-ml-0392912p.html,https://www.canadiantire.ca/fr/pdp/nettoyant-pour-jantes-et-roues-auto-sur-mesure-autoglym-custom-500-ml-0392912p.html,https://media-www.canadiantire.ca/product/automotive/car-care-accessories/auto-cleaning-chemicals/0392912/autoglym-custom-wheel-cleaner-500ml-6627e5d2-0b26-4fe0-a8bb-5895d964cfd8-jpgrendition.jpg?im=whresize&wid=200&hei=200,https://media-www.canadiantire.ca/product/automotive/car-care-accessories/auto-cleaning-chemicals/0392912/autoglym-custom-wheel-cleaner-500ml-6627e5d2-0b26-4fe0-a8bb-5895d964cfd8-jpgrendition.jpg?im=whresize&wid=200&hei=200,,0392912,039-2912-8,Il n’en reste que 1 #039-2912-8,Liquidation◊Mieux notés,52.98,"8,93","18,99"
51,"Kincardine, ON","Trousse d'arche guirlande en ballon en latex, bleu/rouge/orange/vert, pour fête d'anniversaire","Trousse d'arche guirlande en ballon en latex, bleu/rouge/orange/vert, pour fête d'anniversaire",9.93,"9,93 $",36.99,"36,99 $Était   et+ prix était à partir de 36,99 $",9.93,"9,93 $",9.93,"9,93 $",true,https://www.canadiantire.ca/fr/pdp/trousse-d-arche-guirlande-en-ballon-en-latex-bleu-rouge-orange-vert-pour-fete-d-anniversaire-8535780p.html,https://www.canadiantire.ca/fr/pdp/trousse-d-arche-guirlande-en-ballon-en-latex-bleu-rouge-orange-vert-pour-fete-d-anniversaire-8535780p.html,https://media-www.partycity.ca/product/seasonal-gardening/party-city-everyday/party-city-party-supplies-decor/8535780/sherbet-balloon-garland-kit-2ed142ea-6409-421e-b518-65d25977f4ad-jpgrendition.jpg?im=whresize&wid=200&hei=200,https://media-www.partycity.ca/product/seasonal-gardening/party-city-everyday/party-city-party-supplies-decor/8535780/sherbet-balloon-garland-kit-2ed142ea-6409-421e-b518-65d25977f4ad-jpgrendition.jpg?im=whresize&wid=200&hei=200,,8535780,853-5780-2,Il n’en reste que 1 #853-5780-2,Liquidation◊,73.15,"9,93","36,99"
51,"Kincardine, ON","Peinture de retouche Scratch Fix All-in-1, Vert trèfle perlé (G95P)","Peinture de retouche Scratch Fix All-in-1, Vert trèfle perlé (G95P)",12.93,"12,93 $",28.99,"Était±  28,99 $prix était 28,99 $",12.93,"12,93 $",12.93,"12,93 $",true,https://www.canadiantire.ca/fr/pdp/peinture-de-retouche-scratch-fix-all-in-1-vert-trefle-perle-g95p-0475138p.html,https://www.canadiantire.ca/fr/pdp/peinture-de-retouche-scratch-fix-all-in-1-vert-trefle-perle-g95p-0475138p.html,https://media-www.canadiantire.ca/product/automotive/car-care-accessories/auto-body-repair/0475138/scratch-fix-honda-clover-green-prl-all-in-1-cc44caf4-7646-4897-a196-b7ec2970a88e.png?im=whresize&wid=200&hei=200,https://media-www.canadiantire.ca/product/automotive/car-care-accessories/auto-body-repair/0475138/scratch-fix-honda-clover-green-prl-all-in-1-cc44caf4-7646-4897-a196-b7ec2970a88e.png?im=whresize&wid=200&hei=200,,0475138,047-5138-4,Il n’en reste que 1 #047-5138-4,Liquidation◊,55.4,"12,93","28,99"
51,"Kincardine, ON",Couverture de caisse en 3 parties Stampede,Couverture de caisse en 3 parties Stampede,49.93,"49,93 $",349.99,"349,99 $Était   et+ prix était à partir de 349,99 $",49.93,"49,93 $",49.93,"49,93 $",true,https://www.canadiantire.ca/fr/pdp/couverture-de-caisse-en-3-parties-stampede-1410964p.html,https://www.canadiantire.ca/fr/pdp/couverture-de-caisse-en-3-parties-stampede-1410964p.html,https://media-www.canadiantire.ca/product/automotive/light-auto-parts/truck-accessories/1410964/sp064-stampede-trifold-tonneau-cover-89798a76-c2ee-4f03-a104-76c9f5a4bc28.png?im=whresize&wid=200&hei=200,https://media-www.canadiantire.ca/product/automotive/light-auto-parts/truck-accessories/1410964/sp064-stampede-trifold-tonneau-cover-89798a76-c2ee-4f03-a104-76c9f5a4bc28.png?im=whresize&wid=200&hei=200,,1410964,141-0964,,Liquidation◊,85.73,"49,93","349,99"
51,"Kincardine, ON","Détecteur de profondeur pour pêche blanche HT, 1-1/4 oz, paq. 2","Détecteur de profondeur pour pêche blanche HT, 1-1/4 oz, paq. 2",1.93,"1,93 $",4.99,"Était±  4,99 $prix était 4,99 $",1.93,"1,93 $",1.93,"1,93 $",true,https://www.canadiantire.ca/fr/pdp/detecteur-de-profondeur-pour-peche-blanche-ht-1-1-4-oz-paq-2-0771818p.html,https://www.canadiantire.ca/fr/pdp/detecteur-de-profondeur-pour-peche-blanche-ht-1-1-4-oz-paq-2-0771818p.html,https://media-www.canadiantire.ca/product/playing/fishing/ice-fishing/0771818/ht-depthfinders-2-pack-1-1-4-oz-orange-79f93a75-7a3c-4aed-ba0d-c24564d77711-jpgrendition.jpg?im=whresize&wid=200&hei=200,https://media-www.canadiantire.ca/product/playing/fishing/ice-fishing/0771818/ht-depthfinders-2-pack-1-1-4-oz-orange-79f93a75-7a3c-4aed-ba0d-c24564d77711-jpgrendition.jpg?im=whresize&wid=200&hei=200,,0771818,077-1818-8,,Liquidation◊Mieux notés,61.32,"1,93","4,99"
51,"Kincardine, ON","Cadre de plaque d'immatriculation géométrique Cruiser, noir","Cadre de plaque d'immatriculation géométrique Cruiser, noir",8.93,"8,93 $",18.99,"Était±  18,99 $prix était 18,99 $",8.93,"8,93 $",8.93,"8,93 $",true,https://www.canadiantire.ca/fr/pdp/cadre-de-plaque-d-immatriculation-geometrique-cruiser-noir-0376267p.html,https://www.canadiantire.ca/fr/pdp/cadre-de-plaque-d-immatriculation-geometrique-cruiser-noir-0376267p.html,https://media-www.canadiantire.ca/product/automotive/car-care-accessories/auto-accessories/0376267/license-plate-frame-geometric-black-05490ce7-2a17-4926-b161-14cb041b6f49-jpgrendition.jpg?im=whresize&wid=200&hei=200,https://media-www.canadiantire.ca/product/automotive/car-care-accessories/auto-accessories/0376267/license-plate-frame-geometric-black-05490ce7-2a17-4926-b161-14cb041b6f49-jpgrendition.jpg?im=whresize&wid=200&hei=200,,0376267,037-6267-4,Il n’en reste que 1 #037-6267-4,Liquidation◊Exclusivité,52.98,"8,93","18,99"
51,"Kincardine, ON","Jeu de volleyball-waterpolo de piscine à filet à 4 carrés Banzai pour adultes et famille, portatif, bilingue","Jeu de volleyball-waterpolo de piscine à filet à 4 carrés Banzai pour adultes et famille, portatif, bilingue",29.93,"29,93 $",59.99,"Était±  59,99 $prix était 59,99 $",29.93,"29,93 $",29.93,"29,93 $",true,https://www.canadiantire.ca/fr/pdp/jeu-de-volleyball-waterpolo-de-piscine-a-filet-a-4-carres-banzai-pour-adultes-et-famille-portatif-bilingue-0810225p.html,https://www.canadiantire.ca/fr/pdp/jeu-de-volleyball-waterpolo-de-piscine-a-filet-a-4-carres-banzai-pour-adultes-et-famille-portatif-bilingue-0810225p.html,https://media-www.canadiantire.ca/product/seasonal-gardening/backyard-fun/pool-fun/0810225/banzai-4-square-volleyball-e5468701-7afc-4f41-be59-fa51b3e051f5-jpgrendition.jpg?im=whresize&wid=200&hei=200,https://media-www.canadiantire.ca/product/seasonal-gardening/backyard-fun/pool-fun/0810225/banzai-4-square-volleyball-e5468701-7afc-4f41-be59-fa51b3e051f5-jpgrendition.jpg?im=whresize&wid=200&hei=200,,0810225,081-0225-2,Il n’en reste que 4 #081-0225-2,Liquidation◊,50.11,"29,93","59,99"
51,"Kincardine, ON","Clapet de pied en bronze Burcam 750757, 1 1/4 po, brun","Clapet de pied en bronze Burcam 750757, 1 1/4 po, brun",4.93,"4,93 $",27.99,"Était±  27,99 $prix était 27,99 $",4.93,"4,93 $",4.93,"4,93 $",true,https://www.canadiantire.ca/fr/pdp/clapet-de-pied-en-bronze-burcam-750757-1-1-4-po-brun-0625021p.html,https://www.canadiantire.ca/fr/pdp/clapet-de-pied-en-bronze-burcam-750757-1-1-4-po-brun-0625021p.html,https://media-www.canadiantire.ca/product/fixing/plumbing/water-management/0625021/foot-valve-bronze-1-1-4--747c76dd-9554-4900-ab66-c88cf9ed70ca-jpgrendition.jpg?im=whresize&wid=200&hei=200,https://media-www.canadiantire.ca/product/fixing/plumbing/water-management/0625021/foot-valve-bronze-1-1-4--747c76dd-9554-4900-ab66-c88cf9ed70ca-jpgrendition.jpg?im=whresize&wid=200&hei=200,,0625021,062-5021-2,Il n’en reste que 3 #062-5021-2,Liquidation◊Mieux notés,82.39,"4,93","27,99"
51,"Kincardine, ON","Bougie scintillante pour fête d'anniversaire, chiffre 1, géant, bleu","Bougie scintillante pour fête d'anniversaire, chiffre 1, géant, bleu",1.93,"1,93 $",6.49,"Était±  6,49 $prix était 6,49 $",1.93,"1,93 $",1.93,"1,93 $",true,https://www.canadiantire.ca/fr/pdp/bougie-scintillante-pour-fete-d-anniversaire-chiffre-1-geant-bleu-8421662p.html,https://www.canadiantire.ca/fr/pdp/bougie-scintillante-pour-fete-d-anniversaire-chiffre-1-geant-bleu-8421662p.html,https://media-www.partycity.ca/product/seasonal-gardening/party-city-everyday/party-city-party-supplies-decor/8421663/5in-pnk-no1-bday-cndl-glttr-56287c52-a582-44fe-bff7-d6c7b07f362a-jpgrendition.jpg?im=whresize&wid=200&hei=200,https://media-www.partycity.ca/product/seasonal-gardening/party-city-everyday/party-city-party-supplies-decor/8421663/5in-pnk-no1-bday-cndl-glttr-56287c52-a582-44fe-bff7-d6c7b07f362a-jpgrendition.jpg?im=whresize&wid=200&hei=200,,8421662,842-1662-4,Il n’en reste que 1 #842-1662-4,Liquidation◊Articles à succès,70.26,"1,93","6,49"
51,"Kincardine, ON","Clapet de pied Anka ,en polyéthylène, taille variée, noir","Clapet de pied Anka ,en polyéthylène, taille variée, noir",4.93,"4,93 $",18.99,"18,99 $Était   et+ prix était à partir de 18,99 $",4.93,"4,93 $",4.93,"4,93 $",true,https://www.canadiantire.ca/fr/pdp/clapet-de-pied-anka-en-polyethylene-taille-variee-noir-0624133p.html,https://www.canadiantire.ca/fr/pdp/clapet-de-pied-anka-en-polyethylene-taille-variee-noir-0624133p.html,https://media-www.canadiantire.ca/product/fixing/plumbing/water-management/0624136/anka-foot-valve-3-4--4312c86c-d0b8-48bb-8c19-a1bb0676d1a8-jpgrendition.jpg?im=whresize&wid=200&hei=200,https://media-www.canadiantire.ca/product/fixing/plumbing/water-management/0624136/anka-foot-valve-3-4--4312c86c-d0b8-48bb-8c19-a1bb0676d1a8-jpgrendition.jpg?im=whresize&wid=200&hei=200,,0624133,062-4133,,Liquidation◊,74.04,"4,93","18,99"
51,"Kincardine, ON",Connecteur de remorque rond à 4 pôles Hopkins,Connecteur de remorque rond à 4 pôles Hopkins,10.93,"10,93 $",25.99,"Était±  25,99 $prix était 25,99 $",10.93,"10,93 $",10.93,"10,93 $",true,https://www.canadiantire.ca/fr/pdp/connecteur-de-remorque-rond-a-4-poles-hopkins-1407221p.html,https://www.canadiantire.ca/fr/pdp/connecteur-de-remorque-rond-a-4-poles-hopkins-1407221p.html,https://media-www.canadiantire.ca/product/automotive/automotive-outdoor-adventure/auto-travel-storage/1407221/hopkins-4-round-set-trailer-wiring-77a1e197-e206-4232-9176-a19d1fa566cd-jpgrendition.jpg?im=whresize&wid=200&hei=200,https://media-www.canadiantire.ca/product/automotive/automotive-outdoor-adventure/auto-travel-storage/1407221/hopkins-4-round-set-trailer-wiring-77a1e197-e206-4232-9176-a19d1fa566cd-jpgrendition.jpg?im=whresize&wid=200&hei=200,,1407221,140-7221-8,23 En Stock#140-7221-8,Liquidation◊,57.95,"10,93","25,99"
51,"Kincardine, ON","Corde de planche de surf/nautique robuste en nylon Airhead, rouge/blanc, 25 pi","Corde de planche de surf/nautique robuste en nylon Airhead, rouge/blanc, 25 pi",29.93,"29,93 $",59.99,"Était±  59,99 $prix était 59,99 $",29.93,"29,93 $",29.93,"29,93 $",true,https://www.canadiantire.ca/fr/pdp/corde-de-planche-de-surf-nautique-robuste-en-nylon-airhead-rouge-blanc-25-pi-0797181p.html,https://www.canadiantire.ca/fr/pdp/corde-de-planche-de-surf-nautique-robuste-en-nylon-airhead-rouge-blanc-25-pi-0797181p.html,https://media-www.canadiantire.ca/product/playing/seasonal-recreation/marine-water-fun/0797181/airhead-wakesurf-rope-25ft-704697d8-f256-4bea-9b8a-c1a793f6463d-jpgrendition.jpg?im=whresize&wid=200&hei=200,https://media-www.canadiantire.ca/product/playing/seasonal-recreation/marine-water-fun/0797181/airhead-wakesurf-rope-25ft-704697d8-f256-4bea-9b8a-c1a793f6463d-jpgrendition.jpg?im=whresize&wid=200&hei=200,,0797181,079-7181-0,Il n’en reste que 2 #079-7181-0,Liquidation◊,50.11,"29,93","59,99"
51,"Kincardine, ON","Manuel de réparation automobile Haynes, Buick, Oldsmobile et Pontiac, 38025","Manuel de réparation automobile Haynes, Buick, Oldsmobile et Pontiac, 38025",3.93,"3,93 $",32.99,"Était±  32,99 $prix était 32,99 $",3.93,"3,93 $",3.93,"3,93 $",true,https://www.canadiantire.ca/fr/pdp/manuel-de-reparation-automobile-haynes-buick-oldsmobile-et-pontiac-38025-0259307p.html,https://www.canadiantire.ca/fr/pdp/manuel-de-reparation-automobile-haynes-buick-oldsmobile-et-pontiac-38025-0259307p.html,https://media-www.canadiantire.ca/product/automotive/auto-maintenance/auto-shop-equipment-supplies/0259307/38025-gm-sky-som-achie-calais-gran-85-98-981decf0-ebfb-4110-b59b-18cb452a9ccf.png?im=whresize&wid=200&hei=200,https://media-www.canadiantire.ca/product/automotive/auto-maintenance/auto-shop-equipment-supplies/0259307/38025-gm-sky-som-achie-calais-gran-85-98-981decf0-ebfb-4110-b59b-18cb452a9ccf.png?im=whresize&wid=200&hei=200,,0259307,025-9307-0,Il n’en reste que 1 #025-9307-0,Liquidation◊,88.09,"3,93","32,99"
51,"Kincardine, ON","Décorations suspendues à pampilles 1er anniversaire, rose, paq. 3","Décorations suspendues à pampilles 1er anniversaire, rose, paq. 3",2.93,"2,93 $",9.99,"Était±  9,99 $prix était 9,99 $",2.93,"2,93 $",2.93,"2,93 $",true,https://www.canadiantire.ca/fr/pdp/decorations-suspendues-a-pampilles-1er-anniversaire-rose-paq-3-8543261p.html,https://www.canadiantire.ca/fr/pdp/decorations-suspendues-a-pampilles-1er-anniversaire-rose-paq-3-8543261p.html,https://media-www.partycity.ca/product/seasonal-gardening/party-city-everyday/party-city-party-supplies-decor/8543261/3ct-dngl-deco-1st-bday-grl-4be7e23c-6072-40e3-97a5-5c7420f2ba6f-jpgrendition.jpg?im=whresize&wid=200&hei=200,https://media-www.partycity.ca/product/seasonal-gardening/party-city-everyday/party-city-party-supplies-decor/8543261/3ct-dngl-deco-1st-bday-grl-4be7e23c-6072-40e3-97a5-5c7420f2ba6f-jpgrendition.jpg?im=whresize&wid=200&hei=200,,8543261,854-3261-8,Il n’en reste que 6 #854-3261-8,Liquidation◊,70.67,"2,93","9,99"
51,"Kincardine, ON",Banderole 65e anniversaire prismat célébration étincelante,Banderole 65e anniversaire prismat célébration étincelante,3.49,"3,49 $",6.99,"Était±  6,99 $prix était 6,99 $",3.49,"3,49 $",3.49,"3,49 $",true,https://www.canadiantire.ca/fr/pdp/banderole-65e-anniversaire-prismat-celebration-etincelante-8420220p.html,https://www.canadiantire.ca/fr/pdp/banderole-65e-anniversaire-prismat-celebration-etincelante-8420220p.html,https://media-www.partycity.ca/product/seasonal-gardening/party-city-everyday/party-city-party-supplies-decor/8420220/prismatic-65th-birthday-banner-sparkling-celebration-b53f1cd4-964b-4f4e-87ae-d51b8ff79ff5-jpgrendition.jpg?im=whresize&wid=200&hei=200,https://media-www.partycity.ca/product/seasonal-gardening/party-city-everyday/party-city-party-supplies-decor/8420220/prismatic-65th-birthday-banner-sparkling-celebration-b53f1cd4-964b-4f4e-87ae-d51b8ff79ff5-jpgrendition.jpg?im=whresize&wid=200&hei=200,,8420220,842-0220-2,Il n’en reste que 1 #842-0220-2,Liquidation◊Articles à succès,50.07,"3,49","6,99"
51,"Kincardine, ON","Ballon en aluminium satiné, mot-clic, choix de couleurs, 11 x 13 po, gonflé d'air, pour anniversaire/remise de diplômes/fête prénatale/mariage de finissants","Ballon en aluminium satiné, mot-clic, choix de couleurs, 11 x 13 po, gonflé d'air, pour anniversaire/remise de diplômes/fête prénatale/mariage de finissants",0.43,"0,43 $",2.99,"2,99 $Était   et+ prix était à partir de 2,99 $",0.43,"0,43 $",0.43,"0,43 $",true,https://www.canadiantire.ca/fr/pdp/ballon-en-aluminium-satine-mot-clic-choix-de-couleurs-11-x-13-po-gonfle-d-air-pour-anniversaire-remise-de-diplomes-fete-prenatale-mariage-de-finissants-8423769p.html,https://www.canadiantire.ca/fr/pdp/ballon-en-aluminium-satine-mot-clic-choix-de-couleurs-11-x-13-po-gonfle-d-air-pour-anniversaire-remise-de-diplomes-fete-prenatale-mariage-de-finissants-8423769p.html,https://media-www.partycity.ca/product/seasonal-gardening/party-city-everyday/party-city-party-supplies-decor/8423769/gld-blln-a-f-h-33e504c5-7490-49a3-8ce8-85ae031223a3-jpgrendition.jpg?im=whresize&wid=200&hei=200,https://media-www.partycity.ca/product/seasonal-gardening/party-city-everyday/party-city-party-supplies-decor/8423769/gld-blln-a-f-h-33e504c5-7490-49a3-8ce8-85ae031223a3-jpgrendition.jpg?im=whresize&wid=200&hei=200,,8423769,842-3769,,Liquidation◊,85.62,"0,43","2,99"
51,"Kincardine, ON","Rétroviseurs de rechange de qualité supérieure pour motoneige K-Source 97040 résistants aux chocs, noir, paq. 2","Rétroviseurs de rechange de qualité supérieure pour motoneige K-Source 97040 résistants aux chocs, noir, paq. 2",16.93,"16,93 $",39.99,"Était±  39,99 $prix était 39,99 $",16.93,"16,93 $",16.93,"16,93 $",true,https://www.canadiantire.ca/fr/pdp/retroviseurs-de-rechange-de-qualite-superieure-pour-motoneige-k-source-97040-resistants-aux-chocs-noir-paq-2-0269169p.html,https://www.canadiantire.ca/fr/pdp/retroviseurs-de-rechange-de-qualite-superieure-pour-motoneige-k-source-97040-resistants-aux-chocs-noir-paq-2-0269169p.html,https://media-www.canadiantire.ca/product/automotive/automotive-outdoor-adventure/powersport/0269169/premium-shock-resistant-replacement-mirror-pair-9e9e8246-057e-48c3-be6a-e7bf0f0eb19e-jpgrendition.jpg?im=whresize&wid=200&hei=200,https://media-www.canadiantire.ca/product/automotive/automotive-outdoor-adventure/powersport/0269169/premium-shock-resistant-replacement-mirror-pair-9e9e8246-057e-48c3-be6a-e7bf0f0eb19e-jpgrendition.jpg?im=whresize&wid=200&hei=200,,0269169,026-9169-6,Il n’en reste que 1 #026-9169-6,Liquidation◊Mieux notés,57.66,"16,93","39,99"
51,"Kincardine, ON","Lustre à 3 lampes avec abat-jour en verre givré For Living, nickel brossé","Lustre à 3 lampes avec abat-jour en verre givré For Living, nickel brossé",24.93,"24,93 $",79.99,"Était±  79,99 $prix était 79,99 $",24.93,"24,93 $",24.93,"24,93 $",true,https://www.canadiantire.ca/fr/pdp/lustre-a-3-lampes-avec-abat-jour-en-verre-givre-for-living-nickel-brosse-0529829p.html,https://www.canadiantire.ca/fr/pdp/lustre-a-3-lampes-avec-abat-jour-en-verre-givre-for-living-nickel-brosse-0529829p.html,https://media-www.canadiantire.ca/product/living/home-decor/lighting/0529829/for-living-3-lt-glass-chandelier-traditional-4fa34d5e-607d-4e9a-b7d5-82e639092914-jpgrendition.jpg?im=whresize&wid=200&hei=200,https://media-www.canadiantire.ca/product/living/home-decor/lighting/0529829/for-living-3-lt-glass-chandelier-traditional-4fa34d5e-607d-4e9a-b7d5-82e639092914-jpgrendition.jpg?im=whresize&wid=200&hei=200,,0529829,052-9829-2,Il n’en reste que 1 #052-9829-2,Liquidation◊Mieux notés,68.83,"24,93","79,99"
51,"Kincardine, ON",Lumière à DEL pour intérieur de voiture Monster,Lumière à DEL pour intérieur de voiture Monster,3.93,"3,93 $",29.99,"29,99 $Était   et+ prix était à partir de 29,99 $",3.93,"3,93 $",3.93,"3,93 $",true,https://www.canadiantire.ca/fr/pdp/lumiere-a-del-pour-interieur-de-voiture-monster-0372705p.html,https://www.canadiantire.ca/fr/pdp/lumiere-a-del-pour-interieur-de-voiture-monster-0372705p.html,https://media-www.canadiantire.ca/product/automotive/car-care-accessories/auto-accessories/0372706/monster-led-interior-car-light-white-28fb462e-0c2c-43b2-ad76-3f3c0c179378-jpgrendition.jpg?im=whresize&wid=200&hei=200,https://media-www.canadiantire.ca/product/automotive/car-care-accessories/auto-accessories/0372706/monster-led-interior-car-light-white-28fb462e-0c2c-43b2-ad76-3f3c0c179378-jpgrendition.jpg?im=whresize&wid=200&hei=200,,0372705,037-2705,,Liquidation◊,86.9,"3,93","29,99"
51,"Kincardine, ON","Assiettes à dîner rondes en papier Get Wild Jungle, 9 po, paq. 8","Assiettes à dîner rondes en papier Get Wild Jungle, 9 po, paq. 8",0.93,"0,93 $",3.49,"Était±  3,49 $prix était 3,49 $",0.93,"0,93 $",0.93,"0,93 $",true,https://www.canadiantire.ca/fr/pdp/assiettes-a-diner-rondes-en-papier-get-wild-jungle-9-po-paq-8-8423381p.html,https://www.canadiantire.ca/fr/pdp/assiettes-a-diner-rondes-en-papier-get-wild-jungle-9-po-paq-8-8423381p.html,https://media-www.canadiantire.ca/product/automotive/party-city-everyday/party-city-kids-birthday-pinatas/8423381/battle-royal-9-lunch-plate-8-count-b6e450cc-6090-49ca-bc69-fbac86c0a529-jpgrendition.jpg?im=whresize&wid=200&hei=200,https://media-www.canadiantire.ca/product/automotive/party-city-everyday/party-city-kids-birthday-pinatas/8423381/battle-royal-9-lunch-plate-8-count-b6e450cc-6090-49ca-bc69-fbac86c0a529-jpgrendition.jpg?im=whresize&wid=200&hei=200,,8423381,842-3381-0,Il n’en reste que 3 #842-3381-0,Liquidation◊,73.35,"0,93","3,49"
51,"Kincardine, ON","Clapet de pied Burcam 750752P, en PVC et ABS, 1 po, gris","Clapet de pied Burcam 750752P, en PVC et ABS, 1 po, gris",0.93,"0,93 $",13.99,"Était±  13,99 $prix était 13,99 $",0.93,"0,93 $",0.93,"0,93 $",true,https://www.canadiantire.ca/fr/pdp/clapet-de-pied-burcam-750752p-en-pvc-et-abs-1-po-gris-0625016p.html,https://www.canadiantire.ca/fr/pdp/clapet-de-pied-burcam-750752p-en-pvc-et-abs-1-po-gris-0625016p.html,https://media-www.canadiantire.ca/product/fixing/plumbing/water-management/0625016/valve-foot-abs-1--cebfb460-54ad-4e55-8147-ce420cd9192b-jpgrendition.jpg?im=whresize&wid=200&hei=200,https://media-www.canadiantire.ca/product/fixing/plumbing/water-management/0625016/valve-foot-abs-1--cebfb460-54ad-4e55-8147-ce420cd9192b-jpgrendition.jpg?im=whresize&wid=200&hei=200,,0625016,062-5016-6,Il n’en reste que 2 #062-5016-6,Liquidation◊Mieux notés,93.35,"0,93","13,99"
51,"Kincardine, ON","Guirlande de photos 1er anniversaire général, 12 pi","Guirlande de photos 1er anniversaire général, 12 pi",3.93,"3,93 $",13.99,"13,99 $Était   et+ prix était à partir de 13,99 $",3.93,"3,93 $",3.93,"3,93 $",true,https://www.canadiantire.ca/fr/pdp/guirlande-de-photos-1er-anniversaire-general-12-pi-8543264p.html,https://www.canadiantire.ca/fr/pdp/guirlande-de-photos-1er-anniversaire-general-12-pi-8543264p.html,https://media-www.partycity.ca/product/seasonal-gardening/party-city-everyday/party-city-party-supplies-decor/8543265/12ft-photo-grlnd-1st-bday-boy-1b9d50aa-fddb-4727-997d-b6bedbec4f9b-jpgrendition.jpg?im=whresize&wid=200&hei=200,https://media-www.partycity.ca/product/seasonal-gardening/party-city-everyday/party-city-party-supplies-decor/8543265/12ft-photo-grlnd-1st-bday-boy-1b9d50aa-fddb-4727-997d-b6bedbec4f9b-jpgrendition.jpg?im=whresize&wid=200&hei=200,,8543264,854-3264,,Liquidation◊,71.91,"3,93","13,99"
51,"Kincardine, ON","Lentilles pour plaque d'immatriculation Dorman HELP, Ford","Lentilles pour plaque d'immatriculation Dorman HELP, Ford",1.73,"1,73 $",9.99,"Était±  9,99 $prix était 9,99 $",1.73,"1,73 $",1.73,"1,73 $",true,https://www.canadiantire.ca/fr/pdp/lentilles-pour-plaque-d-immatriculation-dorman-help-ford-0245610p.html,https://www.canadiantire.ca/fr/pdp/lentilles-pour-plaque-d-immatriculation-dorman-help-ford-0245610p.html,https://media-www.canadiantire.ca/product/automotive/light-auto-parts/general-auto-repair/0245610/licenseplatelens-98e8a174-014a-4354-bf73-6bd4352bfcaf.png?im=whresize&wid=200&hei=200,https://media-www.canadiantire.ca/product/automotive/light-auto-parts/general-auto-repair/0245610/licenseplatelens-98e8a174-014a-4354-bf73-6bd4352bfcaf.png?im=whresize&wid=200&hei=200,,0245610,024-5610-2,Il n’en reste que 1 #024-5610-2,Liquidation◊,82.68,"1,73","9,99"
51,"Kincardine, ON",Trousse de câblage pour connecteur métallique à 4 broches plates à 6 broches rondes Hopkins,Trousse de câblage pour connecteur métallique à 4 broches plates à 6 broches rondes Hopkins,18.93,"18,93 $",44.99,"Était±  44,99 $prix était 44,99 $",18.93,"18,93 $",18.93,"18,93 $",true,https://www.canadiantire.ca/fr/pdp/trousse-de-cablage-pour-connecteur-metallique-a-4-broches-plates-a-6-broches-rondes-hopkins-1407233p.html,https://www.canadiantire.ca/fr/pdp/trousse-de-cablage-pour-connecteur-metallique-a-4-broches-plates-a-6-broches-rondes-hopkins-1407233p.html,https://media-www.canadiantire.ca/product/automotive/automotive-outdoor-adventure/auto-travel-storage/1407233/hopkins-4-flat-to-6-round-wiring-kit-metal--aa93cdea-5675-459b-93bd-96d163c5de2a-jpgrendition.jpg?im=whresize&wid=200&hei=200,https://media-www.canadiantire.ca/product/automotive/automotive-outdoor-adventure/auto-travel-storage/1407233/hopkins-4-flat-to-6-round-wiring-kit-metal--aa93cdea-5675-459b-93bd-96d163c5de2a-jpgrendition.jpg?im=whresize&wid=200&hei=200,,1407233,140-7233-0,Il n’en reste que 1 #140-7233-0,Liquidation◊,57.92,"18,93","44,99"
51,"Kincardine, ON","Clapet de pied en bronze Burcam 750756, 1 po, brun","Clapet de pied en bronze Burcam 750756, 1 po, brun",4.93,"4,93 $",26.99,"Était±  26,99 $prix était 26,99 $",4.93,"4,93 $",4.93,"4,93 $",true,https://www.canadiantire.ca/fr/pdp/clapet-de-pied-en-bronze-burcam-750756-1-po-brun-0625017p.html,https://www.canadiantire.ca/fr/pdp/clapet-de-pied-en-bronze-burcam-750756-1-po-brun-0625017p.html,https://media-www.canadiantire.ca/product/fixing/plumbing/water-management/0625017/foot-valve-bronze-1--4201b52a-ca5b-4d8a-b164-8c6d7242cb68-jpgrendition.jpg?im=whresize&wid=200&hei=200,https://media-www.canadiantire.ca/product/fixing/plumbing/water-management/0625017/foot-valve-bronze-1--4201b52a-ca5b-4d8a-b164-8c6d7242cb68-jpgrendition.jpg?im=whresize&wid=200&hei=200,,0625017,062-5017-4,Il n’en reste que 1 #062-5017-4,Liquidation◊Mieux notés,81.73,"4,93","26,99"
51,"Kincardine, ON","Tiges de siège pour bateau en aluminium brossé Lock ’N-Pin, avec poteau de siège, 11 po","Tiges de siège pour bateau en aluminium brossé Lock ’N-Pin, avec poteau de siège, 11 po",12.93,"12,93 $",29.99,"Était±  29,99 $prix était 29,99 $",12.93,"12,93 $",12.93,"12,93 $",true,https://www.canadiantire.ca/fr/pdp/tiges-de-siege-pour-bateau-en-aluminium-brosse-lock-n-pin-avec-poteau-de-siege-11-po-0794406p.html,https://www.canadiantire.ca/fr/pdp/tiges-de-siege-pour-bateau-en-aluminium-brosse-lock-n-pin-avec-poteau-de-siege-11-po-0794406p.html,https://media-www.canadiantire.ca/product/playing/seasonal-recreation/marine-power-boating/0794406/seat-post-889a9bb6-1fba-49b5-ad32-53f39a3d3565-jpgrendition.jpg?im=whresize&wid=200&hei=200,https://media-www.canadiantire.ca/product/playing/seasonal-recreation/marine-power-boating/0794406/seat-post-889a9bb6-1fba-49b5-ad32-53f39a3d3565-jpgrendition.jpg?im=whresize&wid=200&hei=200,,0794406,079-4406-6,Il n’en reste que 1 #079-4406-6,Liquidation◊Exclusivité,56.89,"12,93","29,99"
51,"Kincardine, ON","C4 - Boisson énergétique à la caféine, saveur bombsicle surgelé, 16 oz","C4 - Boisson énergétique à la caféine, saveur bombsicle surgelé, 16 oz",14.93,"14,93 $",44.99,"Était±  44,99 $prix était 44,99 $",14.93,"14,93 $",14.93,"14,93 $",true,https://www.canadiantire.ca/fr/pdp/c4-boisson-energetique-a-la-cafeine-saveur-bombsicle-surgele-16-oz-1841028p.html,https://www.canadiantire.ca/fr/pdp/c4-boisson-energetique-a-la-cafeine-saveur-bombsicle-surgele-16-oz-1841028p.html,https://media-www.canadiantire.ca/product/playing/exercise/exercise-accessories/1841028/c4-frozen-bombsicle-aed316bb-4cb7-4fdf-8cc5-ed7285a6f1be-jpgrendition.jpg?im=whresize&wid=200&hei=200,https://media-www.canadiantire.ca/product/playing/exercise/exercise-accessories/1841028/c4-frozen-bombsicle-aed316bb-4cb7-4fdf-8cc5-ed7285a6f1be-jpgrendition.jpg?im=whresize&wid=200&hei=200,,1841028,184-1028-2,Il n’en reste que 1 #184-1028-2,Liquidation◊,66.81,"14,93","44,99"
51,"Kincardine, ON","Bougie d’allumage de rechange FirstFire pour petit moteur, par E3, FF-16","Bougie d’allumage de rechange FirstFire pour petit moteur, par E3, FF-16",2.43,"2,43 $",6.79,"Était±  6,79 $prix était 6,79 $",2.43,"2,43 $",2.43,"2,43 $",true,https://www.canadiantire.ca/fr/pdp/bougie-d-allumage-de-rechange-firstfire-pour-petit-moteur-par-e3-ff-16-0607522p.html,https://www.canadiantire.ca/fr/pdp/bougie-d-allumage-de-rechange-firstfire-pour-petit-moteur-par-e3-ff-16-0607522p.html,https://media-www.canadiantire.ca/product/seasonal-gardening/outdoor-tools/tractor-lawn-mower-snowthrower-parts/0607522/first-fire-ff-16-spark-plug-15889007-2ad8-46a3-a46d-473902fac07f-jpgrendition.jpg?im=whresize&wid=200&hei=200,https://media-www.canadiantire.ca/product/seasonal-gardening/outdoor-tools/tractor-lawn-mower-snowthrower-parts/0607522/first-fire-ff-16-spark-plug-15889007-2ad8-46a3-a46d-473902fac07f-jpgrendition.jpg?im=whresize&wid=200&hei=200,,0607522,060-7522-2,,Liquidation◊Mieux notés,64.21,"2,43","6,79"
51,"Kincardine, ON","Ballon en aluminium satiné, perluète, choix de couleurs, 11 x 14 po, gonflé d'air, pour anniversaire/remise de diplômes/fête prénatale/mariage de finissants","Ballon en aluminium satiné, perluète, choix de couleurs, 11 x 14 po, gonflé d'air, pour anniversaire/remise de diplômes/fête prénatale/mariage de finissants",0.43,"0,43 $",2.99,"2,99 $Était   et+ prix était à partir de 2,99 $",0.43,"0,43 $",0.43,"0,43 $",true,https://www.canadiantire.ca/fr/pdp/ballon-en-aluminium-satine-perluete-choix-de-couleurs-11-x-14-po-gonfle-d-air-pour-anniversaire-remise-de-diplomes-fete-prenatale-mariage-de-finissants-8423768p.html,https://www.canadiantire.ca/fr/pdp/ballon-en-aluminium-satine-perluete-choix-de-couleurs-11-x-14-po-gonfle-d-air-pour-anniversaire-remise-de-diplomes-fete-prenatale-mariage-de-finissants-8423768p.html,https://media-www.canadiantire.ca/product/seasonal-gardening/party-city-everyday/party-city-party-supplies-decor/8423768/gld-blln-a-f-a-1427563c-4a8c-40a9-80e5-738dea6ac968-jpgrendition.jpg?im=whresize&wid=200&hei=200,https://media-www.canadiantire.ca/product/seasonal-gardening/party-city-everyday/party-city-party-supplies-decor/8423768/gld-blln-a-f-a-1427563c-4a8c-40a9-80e5-738dea6ac968-jpgrendition.jpg?im=whresize&wid=200&hei=200,,8423768,842-3768,,Liquidation◊,85.62,"0,43","2,99"
51,"Kincardine, ON","Torsades Twizzlers, bonbon à la pêche, 453 g","Torsades Twizzlers, bonbon à la pêche, 453 g",1.43,"1,43 $",4.79,"Était±  4,79 $prix était 4,79 $",1.43,"1,43 $",1.43,"1,43 $",true,https://www.canadiantire.ca/fr/pdp/torsades-twizzlers-bonbon-a-la-peche-453-g-1534266p.html,https://www.canadiantire.ca/fr/pdp/torsades-twizzlers-bonbon-a-la-peche-453-g-1534266p.html,https://media-www.canadiantire.ca/product/living/food-drink/seasonal-confectionery/1534266/twizzlers-twist-peach-453-g-8246eff4-e9b1-43ce-943f-bdf87ba48c49-jpgrendition.jpg?im=whresize&wid=200&hei=200,https://media-www.canadiantire.ca/product/living/food-drink/seasonal-confectionery/1534266/twizzlers-twist-peach-453-g-8246eff4-e9b1-43ce-943f-bdf87ba48c49-jpgrendition.jpg?im=whresize&wid=200&hei=200,,1534266,153-4266-0,Il n’en reste que 1 #153-4266-0,Liquidation◊,70.15,"1,43","4,79"
51,"Kincardine, ON","Ruban pour joints de cloison sèche ultra-mince en fibre de verre Saint-Gobain FibaTape, finition parfaite, 75 pi","Ruban pour joints de cloison sèche ultra-mince en fibre de verre Saint-Gobain FibaTape, finition parfaite, 75 pi",2.93,"2,93 $",6.99,"Était±  6,99 $prix était 6,99 $",2.93,"2,93 $",2.93,"2,93 $",true,https://www.canadiantire.ca/fr/pdp/ruban-pour-joints-de-cloison-seche-ultra-mince-en-fibre-de-verre-saint-gobain-fibatape-finition-parfaite-75-pi-0495125p.html,https://www.canadiantire.ca/fr/pdp/ruban-pour-joints-de-cloison-seche-ultra-mince-en-fibre-de-verre-saint-gobain-fibatape-finition-parfaite-75-pi-0495125p.html,https://media-www.canadiantire.ca/product/fixing/paint/surface-prep-maintenance/0495125/75-perfect-finish-ultra-thin-tape-62d8051f-db86-4ef3-a724-9c1f8f3e752a-jpgrendition.jpg?im=whresize&wid=200&hei=200,https://media-www.canadiantire.ca/product/fixing/paint/surface-prep-maintenance/0495125/75-perfect-finish-ultra-thin-tape-62d8051f-db86-4ef3-a724-9c1f8f3e752a-jpgrendition.jpg?im=whresize&wid=200&hei=200,,0495125,049-5125-0,,Liquidation◊,58.08,"2,93","6,99"
51,"Kincardine, ON","Filet de basketball à cadre en acier pour bord de piscine, blanc/orange, 20 pi, 13 ans et plus, pour plage/piscine","Filet de basketball à cadre en acier pour bord de piscine, blanc/orange, 20 pi, 13 ans et plus, pour plage/piscine",34.93,"34,93 $",69.99,"Était±  69,99 $prix était 69,99 $",34.93,"34,93 $",34.93,"34,93 $",true,https://www.canadiantire.ca/fr/pdp/filet-de-basketball-a-cadre-en-acier-pour-bord-de-piscine-blanc-orange-20-pi-13-ans-et-plus-pour-plage-piscine-0813558p.html,https://www.canadiantire.ca/fr/pdp/filet-de-basketball-a-cadre-en-acier-pour-bord-de-piscine-blanc-orange-20-pi-13-ans-et-plus-pour-plage-piscine-0813558p.html,https://media-www.canadiantire.ca/product/seasonal-gardening/backyard-fun/pool-fun/0813558/steel-frame-pool-basketball-net-83c89165-27fd-4912-956d-08af59193979-jpgrendition.jpg?im=whresize&wid=200&hei=200,https://media-www.canadiantire.ca/product/seasonal-gardening/backyard-fun/pool-fun/0813558/steel-frame-pool-basketball-net-83c89165-27fd-4912-956d-08af59193979-jpgrendition.jpg?im=whresize&wid=200&hei=200,,0813558,081-3558-2,Il n’en reste que 1 #081-3558-2,Liquidation◊,50.09,"34,93","69,99"
51,"Kincardine, ON","Serviettes de table de première qualité pour 1er anniversaire, rose/doré métallique, paq. 16","Serviettes de table de première qualité pour 1er anniversaire, rose/doré métallique, paq. 16",1.43,"1,43 $",3.99,"Était±  3,99 $prix était 3,99 $",1.43,"1,43 $",1.43,"1,43 $",true,https://www.canadiantire.ca/fr/pdp/serviettes-de-table-de-premiere-qualite-pour-1er-anniversaire-rose-dore-metallique-paq-16-8423849p.html,https://www.canadiantire.ca/fr/pdp/serviettes-de-table-de-premiere-qualite-pour-1er-anniversaire-rose-dore-metallique-paq-16-8423849p.html,https://media-www.canadiantire.ca/product/seasonal-gardening/party-city-everyday/party-city-party-supplies-decor/8423849/16ct-pnk-gld-ln-1st-bday-a0212a14-8627-47c4-9bdd-2af8cb5c3fd5-jpgrendition.jpg?im=whresize&wid=200&hei=200,https://media-www.canadiantire.ca/product/seasonal-gardening/party-city-everyday/party-city-party-supplies-decor/8423849/16ct-pnk-gld-ln-1st-bday-a0212a14-8627-47c4-9bdd-2af8cb5c3fd5-jpgrendition.jpg?im=whresize&wid=200&hei=200,,8423849,842-3849-0,Il n’en reste que 1 #842-3849-0,Liquidation◊,64.16,"1,43","3,99"
51,"Kincardine, ON","Verrouilleur d’abat-jour en verre Atron, nickel satiné","Verrouilleur d’abat-jour en verre Atron, nickel satiné",0.43,"0,43 $",2.79,"Était±  2,79 $prix était 2,79 $",0.43,"0,43 $",0.43,"0,43 $",true,https://www.canadiantire.ca/fr/pdp/verrouilleur-d-abat-jour-en-verre-atron-nickel-satine-0522884p.html,https://www.canadiantire.ca/fr/pdp/verrouilleur-d-abat-jour-en-verre-atron-nickel-satine-0522884p.html,https://media-www.canadiantire.ca/product/fixing/electrical/rough-electrical/0522884/satin-nickel-lock-up-9cc01424-7d7e-46f0-8bfb-0947f0bd4f51-jpgrendition.jpg?im=whresize&wid=200&hei=200,https://media-www.canadiantire.ca/product/fixing/electrical/rough-electrical/0522884/satin-nickel-lock-up-9cc01424-7d7e-46f0-8bfb-0947f0bd4f51-jpgrendition.jpg?im=whresize&wid=200&hei=200,,0522884,052-2884-0,Il n’en reste que 3 #052-2884-0,Liquidation◊,84.59,"0,43","2,79"
51,"Kincardine, ON","Ballon en aluminium satiné rond arc-en-ciel prismatique 100, blanc/argent, 18 po, gonflement à l'hélium et ruban inclus, pour fête d'anniversaire","Ballon en aluminium satiné rond arc-en-ciel prismatique 100, blanc/argent, 18 po, gonflement à l'hélium et ruban inclus, pour fête d'anniversaire",0.93,"0,93 $",6.99,"Était±  6,99 $prix était 6,99 $",0.93,"0,93 $",0.93,"0,93 $",true,https://www.canadiantire.ca/fr/pdp/ballon-en-aluminium-satine-rond-arc-en-ciel-prismatique-100-blanc-argent-18-po-gonflement-a-l-helium-et-ruban-inclus-pour-fete-d-anniversaire-8424538p.html,https://www.canadiantire.ca/fr/pdp/ballon-en-aluminium-satine-rond-arc-en-ciel-prismatique-100-blanc-argent-18-po-gonflement-a-l-helium-et-ruban-inclus-pour-fete-d-anniversaire-8424538p.html,https://media-www.partycity.ca/product/seasonal-gardening/party-city-everyday/party-city-party-supplies-decor/8424538/blln-std-heres-to-your-bday100-1b223b98-9b4a-4d5e-b828-2437ef28d5c3-jpgrendition.jpg?im=whresize&wid=200&hei=200,https://media-www.partycity.ca/product/seasonal-gardening/party-city-everyday/party-city-party-supplies-decor/8424538/blln-std-heres-to-your-bday100-1b223b98-9b4a-4d5e-b828-2437ef28d5c3-jpgrendition.jpg?im=whresize&wid=200&hei=200,,8424538,842-4538-4,Il n’en reste que 1 #842-4538-4,Liquidation◊Mieux notés,86.7,"0,93","6,99"
51,"Kincardine, ON",Connecteur rond 6 pôles en métal côté véhicule Hopkins Towing Solution Endurance,Connecteur rond 6 pôles en métal côté véhicule Hopkins Towing Solution Endurance,10.93,"10,93 $",24.99,"Était±  24,99 $prix était 24,99 $",10.93,"10,93 $",10.93,"10,93 $",true,https://www.canadiantire.ca/fr/pdp/connecteur-rond-6-poles-en-metal-cote-vehicule-hopkins-towing-solution-endurance-0409680p.html,https://www.canadiantire.ca/fr/pdp/connecteur-rond-6-poles-en-metal-cote-vehicule-hopkins-towing-solution-endurance-0409680p.html,https://media-www.canadiantire.ca/product/automotive/automotive-outdoor-adventure/auto-travel-storage/0409680/endurance-6-pole-round-vehicle-end-metal--206f47b2-dbb0-4b2a-b2f9-d6d4022185c6-jpgrendition.jpg?im=whresize&wid=200&hei=200,https://media-www.canadiantire.ca/product/automotive/automotive-outdoor-adventure/auto-travel-storage/0409680/endurance-6-pole-round-vehicle-end-metal--206f47b2-dbb0-4b2a-b2f9-d6d4022185c6-jpgrendition.jpg?im=whresize&wid=200&hei=200,,0409680,040-9680-0,Il n’en reste que 5 #040-9680-0,Liquidation◊Mieux notés,56.26,"10,93","24,99"
51,"Kincardine, ON","Désinfectant moussant pour les mains en vaporisateur Paya, non parfumé, 235 mL","Désinfectant moussant pour les mains en vaporisateur Paya, non parfumé, 235 mL",0.43,"0,43 $",5.99,"Était±  5,99 $prix était 5,99 $",0.43,"0,43 $",0.43,"0,43 $",true,https://www.canadiantire.ca/fr/pdp/desinfectant-moussant-pour-les-mains-en-vaporisateur-paya-non-parfume-235-ml-1531313p.html,https://www.canadiantire.ca/fr/pdp/desinfectant-moussant-pour-les-mains-en-vaporisateur-paya-non-parfume-235-ml-1531313p.html,https://media-www.canadiantire.ca/product/living/home-essentials/laundry-hand-dish-cleaning-solutions/1531313/paya-foaming-hand-sanitizer-235ml-9ead5b92-a17d-450c-b6ab-b4906723a234-jpgrendition.jpg?im=whresize&wid=200&hei=200,https://media-www.canadiantire.ca/product/living/home-essentials/laundry-hand-dish-cleaning-solutions/1531313/paya-foaming-hand-sanitizer-235ml-9ead5b92-a17d-450c-b6ab-b4906723a234-jpgrendition.jpg?im=whresize&wid=200&hei=200,,1531313,153-1313-6,Il n’en reste que 5 #153-1313-6,Liquidation◊,92.82,"0,43","5,99"
51,"Kincardine, ON","Ensemble de tasse de voyage Coastal Cocktails, bonbons Minion","Ensemble de tasse de voyage Coastal Cocktails, bonbons Minion",4.99,"4,99 $",14.99,"Était±  14,99 $prix était 14,99 $",4.99,"4,99 $",4.99,"4,99 $",true,https://www.canadiantire.ca/fr/pdp/ensemble-de-tasse-de-voyage-coastal-cocktails-bonbons-minion-1517330p.html,https://www.canadiantire.ca/fr/pdp/ensemble-de-tasse-de-voyage-coastal-cocktails-bonbons-minion-1517330p.html,https://media-www.canadiantire.ca/product/living/food-drink/seasonal-confectionery/1517330/minion-candy-travel-mug-set-d55677a7-4a36-4966-be51-9ddd492243c3-jpgrendition.jpg?im=whresize&wid=200&hei=200,https://media-www.canadiantire.ca/product/living/food-drink/seasonal-confectionery/1517330/minion-candy-travel-mug-set-d55677a7-4a36-4966-be51-9ddd492243c3-jpgrendition.jpg?im=whresize&wid=200&hei=200,,1517330,151-7330-2,Il n’en reste que 2 #151-7330-2,Liquidation◊,66.71,"4,99","14,99"
51,"Kincardine, ON",Filtre d’échappement pour aspirateur-traîneau Hoover,Filtre d’échappement pour aspirateur-traîneau Hoover,1.43,"1,43 $",24.99,"Était±  24,99 $prix était 24,99 $",1.43,"1,43 $",1.43,"1,43 $",true,https://www.canadiantire.ca/fr/pdp/filtre-d-echappement-pour-aspirateur-traineau-hoover-0436708p.html,https://www.canadiantire.ca/fr/pdp/filtre-d-echappement-pour-aspirateur-traineau-hoover-0436708p.html,https://media-www.canadiantire.ca/product/living/cleaning/vacuums-and-floorcare/0436708/vac-hoover-bgls-canister-exhaust-filter-0fe23f59-8aa8-4277-ac04-090c0da3944d.png?im=whresize&wid=200&hei=200,https://media-www.canadiantire.ca/product/living/cleaning/vacuums-and-floorcare/0436708/vac-hoover-bgls-canister-exhaust-filter-0fe23f59-8aa8-4277-ac04-090c0da3944d.png?im=whresize&wid=200&hei=200,,0436708,043-6708-0,Il n’en reste que 1 #043-6708-0,Liquidation◊,94.28,"1,43","24,99"
51,"Kincardine, ON",Brosses de rechange pour aspirateur Dirt Devil,Brosses de rechange pour aspirateur Dirt Devil,1.93,"1,93 $",14.99,"Était±  14,99 $prix était 14,99 $",1.93,"1,93 $",1.93,"1,93 $",true,https://www.canadiantire.ca/fr/pdp/brosses-de-rechange-pour-aspirateur-dirt-devil-0436686p.html,https://www.canadiantire.ca/fr/pdp/brosses-de-rechange-pour-aspirateur-dirt-devil-0436686p.html,https://media-www.canadiantire.ca/product/living/cleaning/vacuums-and-floorcare/0436686/dd-whiskers-replacement-brushes-a97b71c3-c84a-4609-a8d2-9cccc9c8ecbe.png?im=whresize&wid=200&hei=200,https://media-www.canadiantire.ca/product/living/cleaning/vacuums-and-floorcare/0436686/dd-whiskers-replacement-brushes-a97b71c3-c84a-4609-a8d2-9cccc9c8ecbe.png?im=whresize&wid=200&hei=200,,0436686,043-6686-0,Il n’en reste que 2 #043-6686-0,Liquidation◊,87.12,"1,93","14,99"
51,"Kincardine, ON",Joints toriques et joints de carter de moteur Twin Power,Joints toriques et joints de carter de moteur Twin Power,2.93,"2,93 $",5.99,"Était±  5,99 $prix était 5,99 $",2.93,"2,93 $",2.93,"2,93 $",true,https://www.canadiantire.ca/fr/pdp/joints-toriques-et-joints-de-carter-de-moteur-twin-power-1276291p.html,https://www.canadiantire.ca/fr/pdp/joints-toriques-et-joints-de-carter-de-moteur-twin-power-1276291p.html,undefined?im=whresize&wid=200&hei=200,undefined?im=whresize&wid=200&hei=200,,1276291,127-6291-0,Il n’en reste que 1 #127-6291-0,Liquidation◊,51.09,"2,93","5,99"
51,"Kincardine, ON",Décalcomanies décoratives pour crampons d’auto,Décalcomanies décoratives pour crampons d’auto,5.93,"5,93 $",14.99,"Était±  14,99 $prix était 14,99 $",5.93,"5,93 $",5.93,"5,93 $",true,https://www.canadiantire.ca/fr/pdp/decalcomanies-decoratives-pour-crampons-d-auto-0370735p.html,https://www.canadiantire.ca/fr/pdp/decalcomanies-decoratives-pour-crampons-d-auto-0370735p.html,https://media-www.canadiantire.ca/product/automotive/car-care-accessories/auto-accessories/0370735/chrome-auto-studs-accent-decal--fc4db199-f7ae-4adc-bccd-260c321f0ce5-jpgrendition.jpg?im=whresize&wid=200&hei=200,https://media-www.canadiantire.ca/product/automotive/car-care-accessories/auto-accessories/0370735/chrome-auto-studs-accent-decal--fc4db199-f7ae-4adc-bccd-260c321f0ce5-jpgrendition.jpg?im=whresize&wid=200&hei=200,,0370735,037-0735-6,,Liquidation◊Mieux notés,60.44,"5,93","14,99"
51,"Kincardine, ON","Arroseur baleine géante gonflable, bleu, 45 po, 3 ans et plus, pour plage/piscine","Arroseur baleine géante gonflable, bleu, 45 po, 3 ans et plus, pour plage/piscine",16.43,"16,43 $",39.99,"Était±  39,99 $prix était 39,99 $",16.43,"16,43 $",16.43,"16,43 $",true,https://www.canadiantire.ca/fr/pdp/arroseur-baleine-geante-gonflable-bleu-45-po-3-ans-et-plus-pour-plage-piscine-0500654p.html,https://www.canadiantire.ca/fr/pdp/arroseur-baleine-geante-gonflable-bleu-45-po-3-ans-et-plus-pour-plage-piscine-0500654p.html,https://media-www.canadiantire.ca/product/seasonal-gardening/toys/seasonal-toys/0500654/whale-giant-sprinkler-c97f32e7-63a3-4936-b3bf-24b6340b3eb7-jpgrendition.jpg?im=whresize&wid=200&hei=200,https://media-www.canadiantire.ca/product/seasonal-gardening/toys/seasonal-toys/0500654/whale-giant-sprinkler-c97f32e7-63a3-4936-b3bf-24b6340b3eb7-jpgrendition.jpg?im=whresize&wid=200&hei=200,,0500654,050-0654-4,Il n’en reste que 4 #050-0654-4,Liquidation◊,58.91,"16,43","39,99"
51,"Kincardine, ON",Système mensuel pour chasse-moustiques Green Strike,Système mensuel pour chasse-moustiques Green Strike,3.93,"3,93 $",24.99,"Était±  24,99 $prix était 24,99 $",3.93,"3,93 $",3.93,"3,93 $",true,https://www.canadiantire.ca/fr/pdp/systeme-mensuel-pour-chasse-moustiques-green-strike-0590882p.html,https://www.canadiantire.ca/fr/pdp/systeme-mensuel-pour-chasse-moustiques-green-strike-0590882p.html,https://media-www.canadiantire.ca/product/seasonal-gardening/gardening/mosquito-sun-protection/0590882/green-strike-monthly-kit-for-preventor-5dff4bdc-1c6c-4ce8-85a5-61a0fa7d6dda-jpgrendition.jpg?im=whresize&wid=200&hei=200,https://media-www.canadiantire.ca/product/seasonal-gardening/gardening/mosquito-sun-protection/0590882/green-strike-monthly-kit-for-preventor-5dff4bdc-1c6c-4ce8-85a5-61a0fa7d6dda-jpgrendition.jpg?im=whresize&wid=200&hei=200,,0590882,059-0882-2,Il n’en reste que 1 #059-0882-2,Liquidation◊Exclusivité,84.27,"3,93","24,99"
51,"Kincardine, ON","Paire de rétroviseurs grand angle, Dodge Ram 2002 à 2007","Paire de rétroviseurs grand angle, Dodge Ram 2002 à 2007",0.93,"0,93 $",12.99,"Était±  12,99 $prix était 12,99 $",0.93,"0,93 $",0.93,"0,93 $",true,https://www.canadiantire.ca/fr/pdp/paire-de-retroviseurs-grand-angle-dodge-ram-2002-a-2007-0361514p.html,https://www.canadiantire.ca/fr/pdp/paire-de-retroviseurs-grand-angle-dodge-ram-2002-a-2007-0361514p.html,https://media-www.canadiantire.ca/product/automotive/car-care-accessories/auto-accessories/0361514/dodge-ram-spot-mirror-02-07-pair-7d79de09-f6d5-4071-9d8c-3d17c311ad27.png?im=whresize&wid=200&hei=200,https://media-www.canadiantire.ca/product/automotive/car-care-accessories/auto-accessories/0361514/dodge-ram-spot-mirror-02-07-pair-7d79de09-f6d5-4071-9d8c-3d17c311ad27.png?im=whresize&wid=200&hei=200,,0361514,036-1514-8,Il n’en reste que 1 #036-1514-8,Liquidation◊,92.84,"0,93","12,99"
51,"Kincardine, ON","Costume à glissière de la Saint-Patrick, vert, adultes, petit/moyen","Costume à glissière de la Saint-Patrick, vert, adultes, petit/moyen",7.93,"7,93 $",39.99,"Était±  39,99 $prix était 39,99 $",7.93,"7,93 $",7.93,"7,93 $",true,https://www.canadiantire.ca/fr/pdp/costume-a-glissiere-de-la-saint-patrick-vert-adultes-petit-moyen-8549804p.html,https://www.canadiantire.ca/fr/pdp/costume-a-glissiere-de-la-saint-patrick-vert-adultes-petit-moyen-8549804p.html,https://media-www.canadiantire.ca/product/seasonal-gardening/party-city-seasonal/party-city-micro-season-decor/8549804/st-patrick-s-day-zipster-s-m-4c3719bb-637e-48ec-9c98-79a17e529e52-jpgrendition.jpg?im=whresize&wid=200&hei=200,https://media-www.canadiantire.ca/product/seasonal-gardening/party-city-seasonal/party-city-micro-season-decor/8549804/st-patrick-s-day-zipster-s-m-4c3719bb-637e-48ec-9c98-79a17e529e52-jpgrendition.jpg?im=whresize&wid=200&hei=200,,8549804,854-9804-2,8 En Stock#854-9804-2,Liquidation◊Mieux notés,80.17,"7,93","39,99"
51,"Kincardine, ON","Coupleur catégorie II/IV, 2-5/16 po, 10 000 lb","Coupleur catégorie II/IV, 2-5/16 po, 10 000 lb",34.93,"34,93 $",85.99,"Était±  85,99 $prix était 85,99 $",34.93,"34,93 $",34.93,"34,93 $",true,https://www.canadiantire.ca/fr/pdp/coupleur-categorie-ii-iv-2-5-16-po-10-000-lb-0406921p.html,https://www.canadiantire.ca/fr/pdp/coupleur-categorie-ii-iv-2-5-16-po-10-000-lb-0406921p.html,https://media-www.canadiantire.ca/product/automotive/automotive-outdoor-adventure/auto-travel-storage/0406921/reese-towpower-a-frame-coupler-2-5-16-ball-primer-finish-c4330c89-3235-4baf-8b72-8656365b87b2-jpgrendition.jpg?im=whresize&wid=200&hei=200,https://media-www.canadiantire.ca/product/automotive/automotive-outdoor-adventure/auto-travel-storage/0406921/reese-towpower-a-frame-coupler-2-5-16-ball-primer-finish-c4330c89-3235-4baf-8b72-8656365b87b2-jpgrendition.jpg?im=whresize&wid=200&hei=200,,0406921,040-6921-6,Il n’en reste que 1 #040-6921-6,Liquidation◊,59.38,"34,93","85,99"
51,"Kincardine, ON","Chapeau de fête conique à motif floral métallisé 1 premier anniversaire, doré/rose, taille unique, accessoire à porter pour anniversaires","Chapeau de fête conique à motif floral métallisé 1 premier anniversaire, doré/rose, taille unique, accessoire à porter pour anniversaires",2.93,"2,93 $",9.99,"Était±  9,99 $prix était 9,99 $",2.93,"2,93 $",2.93,"2,93 $",true,https://www.canadiantire.ca/fr/pdp/chapeau-de-fete-conique-a-motif-floral-metallise-1-premier-anniversaire-dore-rose-taille-unique-accessoire-a-porter-pour-anniversaires-8422039p.html,https://www.canadiantire.ca/fr/pdp/chapeau-de-fete-conique-a-motif-floral-metallise-1-premier-anniversaire-dore-rose-taille-unique-accessoire-a-porter-pour-anniversaires-8422039p.html,https://media-www.canadiantire.ca/product/seasonal-gardening/party-city-everyday/party-city-party-supplies-decor/8422039/cone-hat-grl-1st-bday2019-dlx-cfd02988-e1bb-434b-b419-82ab47a0c9b1-jpgrendition.jpg?im=whresize&wid=200&hei=200,https://media-www.canadiantire.ca/product/seasonal-gardening/party-city-everyday/party-city-party-supplies-decor/8422039/cone-hat-grl-1st-bday2019-dlx-cfd02988-e1bb-434b-b419-82ab47a0c9b1-jpgrendition.jpg?im=whresize&wid=200&hei=200,,8422039,842-2039-4,Il n’en reste que 2 #842-2039-4,Liquidation◊,70.67,"2,93","9,99"
51,"Kincardine, ON","Bande de lumières DEL, 8 po, blanc","Bande de lumières DEL, 8 po, blanc",4.93,"4,93 $",19.99,"Était±  19,99 $prix était 19,99 $",4.93,"4,93 $",4.93,"4,93 $",true,https://www.canadiantire.ca/fr/pdp/bande-de-lumieres-del-8-po-blanc-0203783p.html,https://www.canadiantire.ca/fr/pdp/bande-de-lumieres-del-8-po-blanc-0203783p.html,https://media-www.canadiantire.ca/product/automotive/car-care-accessories/auto-accessories/0203783/8-white-led-strip-light-f1e65205-8a7e-4421-b78f-c2edc9cee2f1-jpgrendition.jpg?im=whresize&wid=200&hei=200,https://media-www.canadiantire.ca/product/automotive/car-care-accessories/auto-accessories/0203783/8-white-led-strip-light-f1e65205-8a7e-4421-b78f-c2edc9cee2f1-jpgrendition.jpg?im=whresize&wid=200&hei=200,,0203783,020-3783-0,Il n’en reste que 4 #020-3783-0,Liquidation◊,75.34,"4,93","19,99"
51,"Kincardine, ON","Pailles en papier, The Big Reveal","Pailles en papier, The Big Reveal",0.23,"0,23 $",2.99,"Était±  2,99 $prix était 2,99 $",0.23,"0,23 $",0.23,"0,23 $",true,https://www.canadiantire.ca/fr/pdp/pailles-en-papier-the-big-reveal-8536076p.html,https://www.canadiantire.ca/fr/pdp/pailles-en-papier-the-big-reveal-8536076p.html,https://media-www.canadiantire.ca/product/seasonal-gardening/party-city-everyday/party-city-party-supplies-decor/8536076/the-big-reveal-paper-straws-33d993dc-b4e0-4756-8a7d-5395542ab531-jpgrendition.jpg?im=whresize&wid=200&hei=200,https://media-www.canadiantire.ca/product/seasonal-gardening/party-city-everyday/party-city-party-supplies-decor/8536076/the-big-reveal-paper-straws-33d993dc-b4e0-4756-8a7d-5395542ab531-jpgrendition.jpg?im=whresize&wid=200&hei=200,,8536076,853-6076-4,Il n’en reste que 4 #853-6076-4,Liquidation◊,92.31,"0,23","2,99"
51,"Kincardine, ON","Phares antibrouillard et feux de route à halogène ronds Pilot NV-200CT, 5 po, paq. 2","Phares antibrouillard et feux de route à halogène ronds Pilot NV-200CT, 5 po, paq. 2",15.93,"15,93 $",42.99,"Était±  42,99 $prix était 42,99 $",15.93,"15,93 $",15.93,"15,93 $",true,https://www.canadiantire.ca/fr/pdp/phares-antibrouillard-et-feux-de-route-a-halogene-ronds-pilot-nv-200ct-5-po-paq-2-0203757p.html,https://www.canadiantire.ca/fr/pdp/phares-antibrouillard-et-feux-de-route-a-halogene-ronds-pilot-nv-200ct-5-po-paq-2-0203757p.html,https://media-www.canadiantire.ca/product/automotive/automotive-outdoor-adventure/auto-travel-storage/0203757/pilot-automotive-5-round-bumper-light-f4fa6c49-a8cf-4687-b265-a945281bef3e.png?im=whresize&wid=200&hei=200,https://media-www.canadiantire.ca/product/automotive/automotive-outdoor-adventure/auto-travel-storage/0203757/pilot-automotive-5-round-bumper-light-f4fa6c49-a8cf-4687-b265-a945281bef3e.png?im=whresize&wid=200&hei=200,,0203757,020-3757-4,Il n’en reste que 1 #020-3757-4,Liquidation◊,62.94,"15,93","42,99"
51,"Kincardine, ON",Décalcomanie chrome 4x4,Décalcomanie chrome 4x4,2.93,"2,93 $",7.99,"Était±  7,99 $prix était 7,99 $",2.93,"2,93 $",2.93,"2,93 $",true,https://www.canadiantire.ca/fr/pdp/decalcomanie-chrome-4x4-0371945p.html,https://www.canadiantire.ca/fr/pdp/decalcomanie-chrome-4x4-0371945p.html,https://media-www.canadiantire.ca/product/automotive/car-care-accessories/auto-accessories/0371945/4x4-premium-chrome-decal-90d81e71-eb59-40ad-8aa3-dc41af0c1ab1-jpgrendition.jpg?im=whresize&wid=200&hei=200,https://media-www.canadiantire.ca/product/automotive/car-care-accessories/auto-accessories/0371945/4x4-premium-chrome-decal-90d81e71-eb59-40ad-8aa3-dc41af0c1ab1-jpgrendition.jpg?im=whresize&wid=200&hei=200,,0371945,037-1945-0,,Liquidation◊,63.33,"2,93","7,99"
51,"Kincardine, ON",Télécommande supplémentaire pour serrure de porte électronique,Télécommande supplémentaire pour serrure de porte électronique,1.43,"1,43 $",24.99,"Était±  24,99 $prix était 24,99 $",1.43,"1,43 $",1.43,"1,43 $",true,https://www.canadiantire.ca/fr/pdp/telecommande-supplementaire-pour-serrure-de-porte-electronique-0462675p.html,https://www.canadiantire.ca/fr/pdp/telecommande-supplementaire-pour-serrure-de-porte-electronique-0462675p.html,https://media-www.canadiantire.ca/product/fixing/hardware/curb-appeal/0462675/remote-for-garrison-electric-lock-86a82349-bd06-4507-b4ad-cf0bcc880c33.png?im=whresize&wid=200&hei=200,https://media-www.canadiantire.ca/product/fixing/hardware/curb-appeal/0462675/remote-for-garrison-electric-lock-86a82349-bd06-4507-b4ad-cf0bcc880c33.png?im=whresize&wid=200&hei=200,,0462675,046-2675-4,,Liquidation◊,94.28,"1,43","24,99"
51,"Kincardine, ON","Ballons en latex ronds 1er anniversaire 1, or/rose, 12 po, paq. 15, pour fête d'anniversaire","Ballons en latex ronds 1er anniversaire 1, or/rose, 12 po, paq. 15, pour fête d'anniversaire",1.93,"1,93 $",5.99,"5,99 $Était   et+ prix était à partir de 5,99 $",1.93,"1,93 $",1.93,"1,93 $",true,https://www.canadiantire.ca/fr/pdp/ballons-en-latex-ronds-1er-anniversaire-1-or-rose-12-po-paq-15-pour-fete-d-anniversaire-8421244p.html,https://www.canadiantire.ca/fr/pdp/ballons-en-latex-ronds-1er-anniversaire-1-or-rose-12-po-paq-15-pour-fete-d-anniversaire-8421244p.html,https://media-www.partycity.ca/product/seasonal-gardening/party-city-everyday/party-city-party-supplies-decor/8421244/15ct-ltx-blln-girl-prem-5a8eb8ff-4e37-454f-8122-b26caa301289-jpgrendition.jpg?im=whresize&wid=200&hei=200,https://media-www.partycity.ca/product/seasonal-gardening/party-city-everyday/party-city-party-supplies-decor/8421244/15ct-ltx-blln-girl-prem-5a8eb8ff-4e37-454f-8122-b26caa301289-jpgrendition.jpg?im=whresize&wid=200&hei=200,,8421244,842-1244-0,Il n’en reste que 2 #842-1244-0,Liquidation◊,67.78,"1,93","5,99"
51,"Kincardine, ON","Anneau tactique Tasco, moyen, mat, 34 mm","Anneau tactique Tasco, moyen, mat, 34 mm",3.93,"3,93 $",29.99,"Était±  29,99 $prix était 29,99 $",3.93,"3,93 $",3.93,"3,93 $",true,https://www.canadiantire.ca/fr/pdp/anneau-tactique-tasco-moyen-mat-34-mm-1759233p.html,https://www.canadiantire.ca/fr/pdp/anneau-tactique-tasco-moyen-mat-34-mm-1759233p.html,https://media-www.canadiantire.ca/product/playing/hunting/hunting-equipment/1759233/tasco-34mm-ring-medium-matte-tactical-203a3c41-f9a3-4231-b674-2548614436da.png?im=whresize&wid=200&hei=200,https://media-www.canadiantire.ca/product/playing/hunting/hunting-equipment/1759233/tasco-34mm-ring-medium-matte-tactical-203a3c41-f9a3-4231-b674-2548614436da.png?im=whresize&wid=200&hei=200,,1759233,175-9233-6,Il n’en reste que 2 #175-9233-6,Liquidation◊,86.9,"3,93","29,99"
51,"Kincardine, ON",Trousse de pose de boîte à lettre Solutions,Trousse de pose de boîte à lettre Solutions,2.43,"2,43 $",4.99,"Était±  4,99 $prix était 4,99 $",2.43,"2,43 $",2.43,"2,43 $",true,https://www.canadiantire.ca/fr/pdp/trousse-de-pose-de-boite-a-lettre-solutions-0462164p.html,https://www.canadiantire.ca/fr/pdp/trousse-de-pose-de-boite-a-lettre-solutions-0462164p.html,undefined?im=whresize&wid=200&hei=200,undefined?im=whresize&wid=200&hei=200,,0462164,046-2164-0,Il n’en reste que 4 #046-2164-0,Liquidation◊,51.3,"2,43","4,99"
51,"Kincardine, ON","Centre de table métallique Blush Happy Birthday Celebrate, 14 po","Centre de table métallique Blush Happy Birthday Celebrate, 14 po",0.93,"0,93 $",4.99,"Était±  4,99 $prix était 4,99 $",0.93,"0,93 $",0.93,"0,93 $",true,https://www.canadiantire.ca/fr/pdp/centre-de-table-metallique-blush-happy-birthday-celebrate-14-po-8547184p.html,https://www.canadiantire.ca/fr/pdp/centre-de-table-metallique-blush-happy-birthday-celebrate-14-po-8547184p.html,https://media-www.canadiantire.ca/product/seasonal-gardening/party-city-everyday/party-city-party-supplies-decor/8547184/14in-cp-blush-bday-fl-56ce2bed-71e0-4155-87c3-73c53d4bc4c2-jpgrendition.jpg?im=whresize&wid=200&hei=200,https://media-www.canadiantire.ca/product/seasonal-gardening/party-city-everyday/party-city-party-supplies-decor/8547184/14in-cp-blush-bday-fl-56ce2bed-71e0-4155-87c3-73c53d4bc4c2-jpgrendition.jpg?im=whresize&wid=200&hei=200,,8547184,854-7184-8,Il n’en reste que 2 #854-7184-8,Liquidation◊,81.36,"0,93","4,99"
51,"Kincardine, ON","Décorations de chaise haute pour fête de 1er anniversaire, rose/or","Décorations de chaise haute pour fête de 1er anniversaire, rose/or",3.93,"3,93 $",14.99,"Était±  14,99 $prix était 14,99 $",3.93,"3,93 $",3.93,"3,93 $",true,https://www.canadiantire.ca/fr/pdp/decorations-de-chaise-haute-pour-fete-de-1er-anniversaire-rose-or-8543267p.html,https://www.canadiantire.ca/fr/pdp/decorations-de-chaise-haute-pour-fete-de-1er-anniversaire-rose-or-8543267p.html,https://media-www.partycity.ca/product/seasonal-gardening/party-city-everyday/party-city-party-supplies-decor/8543267/high-chair-deco-girl-dlx-2020-805ea0db-d3b5-48ff-91b2-f13f44c2e854-jpgrendition.jpg?im=whresize&wid=200&hei=200,https://media-www.partycity.ca/product/seasonal-gardening/party-city-everyday/party-city-party-supplies-decor/8543267/high-chair-deco-girl-dlx-2020-805ea0db-d3b5-48ff-91b2-f13f44c2e854-jpgrendition.jpg?im=whresize&wid=200&hei=200,,8543267,854-3267-6,Il n’en reste que 1 #854-3267-6,Liquidation◊Mieux notés,73.78,"3,93","14,99"
